=======================================================================================================================================================================================================
I 13 13 13 13 13 13 13 13 10 10 11 11 11 13 13 13 | 13 13 13 13 13 13 13 13 13 13 13 13 13 13 13 13 I 13 13 13 13 13 13 13 11 13 13 13 13 13 13 13 13 | 13 13 13 13 13 11 13 13 13 13 13 13 13 13 13 13 
I 13 13 13 13 13 13 13 13 10 11 11 11 11 11 13 13 | 13 13 13 13 13 13 13 13 13 13 13 13 13 13 13 13 I 13 13 13 13 13 13 13 13 11 13 13 13 13 13 13 13 | 13 13 13 13 13 13 11 13 13 13 13 13 13 13 11 11 
I 13 13 13 13 13 13 13 13 11 11 11 11 11 11 13 13 | 13 13 13 13 13 13 13 13 13 13 13 13 13 13 13 13 I 13 13 13 13 13 13 13 13 11 13 13 13 13 13 13 13 | 13 13 13 13 13 13 11 13 13 13 13 13 13 11 14 11 
I 13 13 13 13 13 13 13 13 11 11 11 11 11 11 13 13 | 13 13 13 13 13 13 13 13 13 13 13 13 13 13 13 13 I 13 13 13 13 13 13 13 13 11 13 13 13 13 13 13 13 | 13 13 13 13 13 13 13 11 13 13 13 13 11 14 11 11 
I 13 13 13 13 13 13 13 13 11 11 11 11 11 11 13 13 | 13 13 13 13 13 13 13 13 13 13 13 13 11 11 13 13 I 13 13 13 13 13 13 13 13 11 13 13 13 13 13 13 13 | 13 13 13 13 13 13 13 13 11 13 13 11 14 11 11 11 
I 13 13 13 13 13 13 13 13 11 11 11 11 11 11 13 13 | 13 13 13 13 13 13 13 13 13 13 13 13 13 13 13 13 I 13 13 13 13 13 13 13 13 11 13 13 13 13 13 13 13 | 13 13 13 13 13 13 13 13 11 13 11 14 11 11 11 11 
I 13 13 13 13 13 13 13 13 11 11 11 11 11 11 13 13 | 13 13 13 13 13 13 13 13 13 13 13 13 13 13 13 13 I 13 13 13 13 13 13 13 13 11 13 13 13 13 13 13 13 | 13 13 13 13 13 13 13 13 13 11 14 11 11 11 11 01 
I 13 13 13 13 13 13 13 13 11 11 11 11 11 11 11 13 | 13 13 13 13 13 13 13 13 13 13 13 13 13 13 13 13 I 13 13 13 13 13 13 13 11 11 13 13 13 13 13 13 13 | 13 13 13 13 13 13 13 13 13 14 11 11 11 11 11 11 
I 13 13 11 11 13 13 13 13 11 11 11 11 11 11 11 13 | 13 13 13 13 13 13 13 13 13 13 13 13 13 13 13 13 I 13 13 13 13 11 11 13 11 11 10 13 13 13 13 13 13 | 13 13 13 13 13 13 13 13 11 14 11 11 11 11 11 14 
I 13 13 11 13 13 13 13 13 11 11 11 11 11 11 11 13 | 13 13 13 13 11 13 13 13 13 13 13 13 13 13 13 13 I 13 13 13 13 13 11 11 11 10 10 13 13 13 13 13 13 | 13 13 13 13 13 13 13 11 14 11 11 11 11 11 11 11 
I 13 11 11 13 13 13 13 13 11 11 11 11 11 11 11 13 | 13 13 13 11 13 13 13 13 13 13 13 13 13 13 13 13 I 13 13 13 13 13 13 11 11 10 10 13 13 13 11 11 13 | 13 13 13 13 13 13 11 14 11 11 11 11 11 10 11 13 
I 11 11 11 13 13 13 13 11 11 11 11 11 11 11 11 13 | 13 13 11 11 13 13 13 13 13 13 13 13 13 13 13 13 I 13 13 13 13 13 13 13 11 11 10 13 13 13 13 11 11 | 13 13 13 13 13 13 11 11 11 11 11 11 11 10 13 13 
I 11 11 11 11 13 13 13 13 11 11 11 11 11 11 11 13 | 13 11 11 13 13 13 13 13 13 13 13 13 13 13 13 13 I 13 13 13 13 13 13 13 13 11 11 13 13 13 13 11 11 | 13 13 13 13 13 11 14 11 11 11 11 11 10 13 13 13 
I 11 11 11 13 13 13 13 13 11 11 11 11 11 11 11 13 | 13 11 11 11 13 13 13 13 13 13 13 13 13 13 13 13 I 13 13 13 13 13 13 13 13 13 11 13 13 13 13 11 01 | 11 13 13 13 11 14 11 11 11 11 11 10 13 13 13 13 
I 11 11 11 13 13 13 13 13 11 11 11 11 11 11 11 13 | 13 10 11 11 13 13 13 13 13 13 13 13 13 13 13 13 I 13 13 13 13 13 13 13 13 13 11 13 13 13 13 11 14 | 13 13 13 13 11 11 11 11 11 11 11 13 13 13 13 13 
I 11 11 11 11 13 13 13 13 11 11 11 11 11 11 11 13 | 13 10 11 13 13 13 13 13 13 13 13 13 13 13 13 13 I 13 13 13 13 13 13 13 13 13 13 13 13 13 11 01 13 | 13 13 13 13 13 01 11 11 11 11 10 13 13 13 13 13 
-------------------------------------------------------------------------------------------------------------------------------------------------------------------------------------------------------
I 11 11 11 11 13 13 13 13 11 11 11 11 11 11 11 13 | 13 11 11 13 13 13 13 13 13 13 13 13 13 13 13 13 I 13 13 13 13 13 13 13 13 13 13 13 13 13 13 13 13 | 13 13 13 13 13 14 11 11 11 11 13 13 13 13 13 13 
I 11 11 11 11 13 13 13 13 11 11 11 11 11 11 11 13 | 13 10 11 11 13 13 13 13 13 13 13 13 13 13 13 13 I 13 13 13 13 13 13 13 13 13 13 13 13 13 13 13 13 | 13 13 13 13 11 11 11 11 11 13 13 13 13 13 13 13 
I 11 11 11 11 13 13 13 13 11 11 11 11 11 11 11 13 | 13 11 10 11 13 13 13 13 13 13 13 13 13 13 13 13 I 13 13 13 13 13 13 13 13 13 13 13 13 13 13 13 13 | 13 13 13 13 11 11 11 11 10 13 13 13 13 13 13 13 
I 11 11 11 13 13 13 13 13 11 11 11 11 11 11 13 13 | 13 13 11 11 13 13 13 13 13 13 13 13 13 13 13 13 I 13 13 13 13 13 13 13 13 13 13 13 13 13 13 13 13 | 13 13 13 13 14 11 11 10 13 13 13 13 13 13 13 13 
I 11 11 11 13 13 13 13 13 11 11 11 11 11 11 13 13 | 13 13 11 10 13 13 13 13 13 13 13 13 13 13 13 13 I 13 13 13 13 13 13 13 13 13 13 13 13 13 13 13 13 | 13 13 13 13 14 11 11 10 13 13 13 13 13 13 13 13 
I 11 11 11 13 13 13 13 13 11 11 11 11 11 11 13 13 | 13 13 13 13 13 13 13 13 13 13 13 13 13 13 13 13 I 13 13 13 13 13 13 13 13 13 13 13 13 13 13 13 13 | 13 13 13 14 11 11 10 13 13 13 13 13 13 13 13 13 
I 11 11 11 13 13 13 13 13 11 11 11 11 11 11 11 13 | 13 13 13 13 13 13 13 13 13 13 13 13 13 10 13 13 I 10 10 10 10 13 13 13 13 13 13 13 13 13 13 13 11 | 11 13 13 01 11 01 10 13 13 13 13 13 13 13 13 13 
I 11 11 11 13 13 13 13 13 11 11 11 11 11 11 11 13 | 13 13 13 13 13 13 13 13 13 13 13 13 10 10 13 10 I 10 10 14 13 13 13 13 13 13 13 13 13 13 11 11 13 | 13 13 01 11 11 11 13 13 13 13 13 13 13 13 13 13 
I 11 11 11 13 13 13 13 13 11 11 11 11 11 11 11 13 | 13 13 13 13 13 13 13 13 13 13 10 10 10 10 10 10 I 10 10 13 13 13 13 13 13 13 13 13 13 13 13 13 13 | 13 01 11 11 11 10 13 13 13 13 13 13 13 13 13 13 
I 11 11 11 11 13 13 13 13 11 11 11 11 11 11 11 13 | 13 13 13 13 13 13 13 13 10 10 10 10 10 10 10 10 I 13 13 13 13 13 13 13 13 13 13 10 13 13 13 13 11 | 01 11 11 11 11 13 13 13 13 13 13 13 13 13 13 13 
I 11 11 11 11 13 13 13 13 11 11 11 11 11 11 11 11 | 13 13 13 13 13 13 13 10 10 10 10 10 10 11 10 10 I 13 13 13 13 13 13 13 13 13 13 13 10 13 13 11 14 | 11 11 11 01 10 13 13 13 13 13 13 13 13 13 13 13 
I 11 11 11 11 13 13 13 13 11 11 11 11 11 11 13 11 | 13 13 10 13 13 13 10 10 11 10 10 10 10 14 11 13 I 13 13 13 13 13 13 13 13 13 13 13 01 10 13 11 11 | 11 11 11 01 10 13 13 13 13 13 13 13 13 13 13 13 
I 11 11 11 11 13 13 13 13 11 11 11 11 11 11 13 11 | 13 13 11 13 13 10 10 10 10 10 10 10 10 11 13 13 I 13 13 13 13 13 13 13 13 13 13 13 11 11 13 11 11 | 11 11 11 11 13 13 13 13 13 13 13 13 13 13 13 13 
I 11 11 11 11 13 13 13 13 10 11 11 11 11 11 11 11 | 13 13 13 13 10 10 10 10 10 10 10 10 10 13 13 13 I 13 13 13 13 13 13 13 13 13 13 13 11 14 13 11 11 | 11 11 01 10 13 13 13 13 13 13 13 13 13 13 13 13 
I 11 11 11 11 13 13 13 13 10 11 11 11 11 11 11 13 | 11 11 13 10 10 10 10 10 11 10 10 10 11 13 13 13 I 13 13 13 13 13 13 13 13 13 13 13 11 01 13 10 11 | 11 11 11 13 13 13 13 13 13 13 13 13 13 13 13 13 
I 11 11 11 11 13 13 13 13 10 11 11 11 11 11 13 13 | 13 10 11 10 10 10 10 10 11 11 10 11 13 13 13 13 I 13 13 10 10 13 13 13 13 13 13 11 11 01 13 13 11 | 11 11 11 13 13 13 13 13 13 13 13 13 13 13 13 13 
=======================================================================================================================================================================================================
I 11 11 11 11 13 13 13 13 11 11 11 11 11 13 13 13 | 13 10 10 10 10 10 10 10 10 11 14 13 13 13 13 11 I 01 11 11 10 13 13 13 13 13 11 11 11 01 10 13 11 | 11 11 11 13 13 13 13 13 13 13 13 13 13 13 13 13 
I 11 11 11 11 13 13 13 13 11 11 11 11 11 13 13 13 | 10 10 10 10 13 11 10 10 11 14 10 13 13 13 11 11 I 11 13 13 10 10 13 13 13 11 13 13 01 01 10 13 11 | 11 14 11 13 13 13 13 13 13 13 13 13 13 13 13 13 
I 11 11 11 11 13 13 13 13 11 11 11 11 10 13 13 10 | 10 10 10 10 13 10 14 11 01 11 13 13 13 13 13 13 I 13 13 13 13 13 13 13 13 13 13 11 11 11 10 13 11 | 11 11 13 13 13 13 13 13 13 13 13 13 13 13 13 13 
I 11 11 11 11 13 13 13 13 11 11 11 13 13 10 10 10 | 13 10 10 13 13 10 01 11 14 11 13 13 11 13 13 13 I 13 13 13 13 13 13 13 13 13 13 11 11 01 10 13 11 | 01 11 13 13 13 13 13 13 13 13 13 13 13 13 13 13 
I 11 11 11 11 13 13 13 13 11 11 13 13 13 10 10 13 | 13 14 10 13 13 13 11 14 11 13 13 11 10 13 13 13 I 13 13 13 13 13 13 13 13 13 13 13 11 11 10 13 11 | 01 11 13 13 13 13 13 13 13 13 13 13 13 13 13 13 
I 11 11 11 11 13 13 13 13 11 11 13 13 10 10 10 13 | 10 11 11 11 01 13 11 14 11 13 13 01 13 13 13 13 I 13 13 13 13 13 13 13 13 13 13 13 11 11 11 13 11 | 01 13 13 13 13 13 13 13 13 13 13 13 13 13 13 13 
I 11 11 11 11 13 13 13 13 11 13 13 10 13 10 10 13 | 10 11 14 11 10 13 11 01 13 13 14 11 10 13 13 13 I 13 13 13 13 13 10 13 13 13 13 13 11 11 11 13 11 | 11 13 13 13 13 13 13 13 13 13 13 13 13 13 13 13 
I 11 11 11 11 13 13 13 13 10 13 13 10 13 10 10 13 | 10 11 14 11 13 11 14 13 13 11 01 11 11 13 13 13 I 13 13 13 13 13 13 13 13 13 13 10 14 11 01 13 11 | 11 13 13 13 13 13 13 13 13 13 13 13 13 13 13 13 
I 11 11 11 11 13 13 13 13 10 11 10 10 10 10 10 13 | 13 11 11 11 10 14 11 13 13 01 11 11 11 13 13 13 I 13 13 13 13 10 11 13 13 13 13 11 14 11 01 13 13 | 11 13 13 13 13 13 13 13 13 13 13 13 13 13 13 13 
I 11 11 11 13 13 13 13 13 11 11 13 10 10 10 10 13 | 13 10 11 11 10 13 13 13 14 11 11 11 11 13 13 13 I 13 13 13 13 13 13 13 13 13 13 11 11 11 01 13 13 | 13 13 13 13 13 13 13 13 13 13 13 13 13 13 13 13 
I 11 11 11 13 13 13 13 13 11 10 13 10 10 10 10 10 | 13 13 11 10 13 13 13 11 11 11 11 11 10 13 13 13 I 13 13 13 13 13 13 13 13 13 10 14 11 11 01 11 13 | 13 13 13 13 13 13 13 13 13 13 13 13 13 13 13 13 
I 11 11 11 13 13 13 13 13 10 10 13 10 10 10 13 13 | 10 13 10 13 13 13 11 11 11 11 11 11 11 13 13 13 I 13 11 13 13 13 13 13 13 13 11 11 11 11 11 11 13 | 13 13 13 13 13 13 13 13 13 13 13 13 13 13 13 13 
I 11 11 11 13 13 13 13 13 10 10 13 10 10 10 13 13 | 13 10 13 13 13 13 11 11 11 11 11 11 11 11 13 13 I 13 13 10 10 13 13 13 13 11 14 11 11 11 11 11 13 | 13 13 13 13 13 13 13 13 13 13 13 13 13 13 13 13 
I 11 11 11 13 13 13 13 13 10 13 10 10 10 10 13 13 | 13 13 13 13 13 11 11 11 11 11 11 11 11 11 11 13 I 13 13 13 13 13 13 13 13 11 11 11 11 11 11 11 13 | 13 13 13 13 13 13 13 13 13 13 13 13 13 13 13 13 
I 11 11 11 13 13 13 13 13 10 10 10 10 10 10 13 13 | 13 13 13 13 11 14 11 11 11 11 11 11 11 11 11 13 I 13 13 13 13 13 13 13 11 14 11 11 11 11 11 11 13 | 13 13 13 13 13 13 13 13 13 13 13 13 13 13 13 13 
I 11 11 11 13 13 13 13 13 11 10 10 10 10 10 13 10 | 13 13 13 11 14 11 11 11 11 11 11 11 11 11 11 11 I 13 13 13 13 13 13 13 11 11 11 11 11 11 11 11 13 | 13 13 13 13 13 13 13 13 13 13 13 13 13 13 13 13 
-------------------------------------------------------------------------------------------------------------------------------------------------------------------------------------------------------
I 11 14 11 11 13 13 13 13 13 13 10 10 10 14 13 10 | 13 13 13 13 10 14 11 11 11 11 11 11 11 11 11 10 I 13 13 13 13 13 13 13 11 14 11 11 11 11 11 11 13 | 13 13 13 13 13 13 13 13 13 13 13 13 13 13 11 01 
I 11 11 11 11 13 13 13 13 13 11 11 10 10 10 13 13 | 13 13 13 13 13 11 11 11 11 11 11 11 11 11 13 13 I 13 13 13 13 13 13 13 13 13 11 14 11 11 11 11 13 | 13 13 13 13 13 13 13 13 13 13 13 13 13 11 11 11 
I 13 13 11 11 13 13 13 13 13 11 14 10 10 10 10 13 | 13 10 13 13 13 13 11 11 11 11 11 11 11 11 11 13 I 13 13 13 13 13 13 13 13 13 13 13 11 11 11 11 13 | 13 13 13 13 13 11 13 11 13 13 13 13 11 11 11 11 
I 13 13 13 11 13 13 13 13 13 14 11 10 10 10 10 10 | 10 10 13 13 13 13 10 11 11 11 11 11 11 11 11 13 I 13 13 13 13 13 13 13 13 13 13 13 13 11 11 11 13 | 13 13 13 13 13 13 13 13 13 13 13 11 11 11 11 11 
I 11 13 13 11 13 13 13 13 13 14 11 11 10 10 11 10 | 10 10 13 13 13 13 13 01 11 11 11 11 11 11 11 13 I 13 13 13 13 13 13 13 13 13 13 13 13 13 01 11 13 | 13 13 13 13 13 13 13 13 13 13 13 11 11 11 11 11 
I 14 13 13 11 13 13 13 13 13 14 11 14 10 10 11 10 | 10 13 10 13 13 10 13 11 11 11 11 11 11 11 11 13 I 13 13 13 13 13 13 13 13 13 13 13 13 13 01 11 13 | 13 13 13 13 13 13 13 13 13 13 11 11 11 11 11 13 
I 14 13 13 11 13 13 13 13 10 14 11 14 13 10 11 11 | 10 10 13 13 13 13 13 11 11 11 11 11 13 11 11 13 I 13 13 13 13 13 13 13 13 13 13 13 13 13 11 11 13 | 13 13 13 13 13 13 13 13 13 13 11 11 11 11 11 11 
I 14 13 13 11 13 13 13 13 10 14 11 11 10 10 11 11 | 10 10 10 13 13 13 10 10 11 11 11 11 13 11 11 13 I 13 13 13 13 13 13 13 13 13 13 13 13 13 13 11 13 | 13 13 13 13 13 13 13 13 13 13 11 11 11 11 11 11 
I 14 13 13 11 13 13 13 13 10 14 11 11 11 11 11 11 | 10 10 10 13 13 10 11 11 11 11 11 11 13 11 13 13 I 13 13 13 13 13 13 13 13 13 13 13 13 13 13 13 13 | 13 13 13 13 13 13 13 13 13 11 11 11 11 11 11 11 
I 14 13 13 11 13 13 13 13 13 14 11 11 10 10 11 11 | 10 10 10 10 10 13 11 11 01 11 11 13 11 11 13 13 I 13 13 13 13 13 13 13 13 13 13 13 13 13 13 13 11 | 13 13 13 13 13 13 13 13 13 11 11 11 11 11 11 11 
I 14 13 13 11 13 13 13 13 10 11 14 11 11 11 11 11 | 11 10 13 10 10 11 11 11 01 11 11 11 11 13 13 13 I 13 13 13 13 13 13 13 13 13 13 13 13 13 13 13 11 | 11 11 11 11 13 13 13 13 11 11 11 11 11 11 11 11 
I 11 13 13 13 13 13 13 13 10 11 11 11 11 11 11 11 | 11 11 13 13 13 11 11 14 11 11 13 11 11 13 13 13 I 13 13 13 13 13 13 13 13 13 13 13 13 13 13 13 11 | 11 11 11 14 13 13 13 13 11 11 11 11 11 13 11 11 
I 11 13 13 13 13 13 13 13 10 14 11 11 11 10 10 11 | 10 10 10 13 10 11 14 01 11 11 11 11 13 13 13 13 I 13 13 13 13 13 13 13 13 13 13 13 13 13 13 13 11 | 11 11 11 11 13 13 13 11 11 11 13 11 11 13 11 11 
I 11 13 13 13 13 13 13 13 10 14 11 10 11 10 10 10 | 10 10 10 13 10 14 14 01 11 11 11 13 13 13 13 13 I 13 13 13 13 13 13 13 13 13 13 13 13 13 13 13 13 | 11 13 13 11 13 13 11 11 11 13 11 11 13 13 11 11 
I 11 11 13 13 13 13 13 13 11 11 11 10 10 10 10 13 | 10 10 10 13 10 14 01 11 11 11 13 13 13 13 13 13 I 13 13 13 13 13 13 13 13 13 13 13 13 13 13 13 13 | 11 13 13 13 11 11 11 11 11 11 11 13 13 11 11 11 
I 11 11 13 13 13 13 13 13 10 11 10 10 10 10 10 10 | 10 10 10 10 10 10 11 11 11 11 13 13 13 13 13 13 I 13 13 13 13 13 13 13 13 13 13 13 13 13 13 13 13 | 11 11 13 13 13 13 11 11 11 11 11 13 11 11 11 11 
