=======================================================================================================================================================================================================
I 11 11 11 11 11 11 11 06 14 14 14 14 14 06 06 06 | 06 06 06 06 06 06 06 06 06 06 06 06 06 06 06 06 I 06 06 06 06 06 06 06 14 06 11 11 11 11 11 11 11 | 11 11 11 01 12 14 14 06 06 06 06 06 06 06 06 06 
I 11 11 11 11 11 11 11 06 14 14 14 14 14 06 06 06 | 06 06 06 06 06 06 06 06 06 06 06 06 06 06 06 06 I 06 06 06 06 06 06 06 14 14 06 11 11 11 11 11 11 | 11 11 11 01 01 06 14 06 06 06 06 06 06 06 14 15 
I 11 11 11 11 11 11 11 06 14 14 14 14 14 06 06 06 | 06 06 06 06 06 06 06 06 06 06 06 06 06 06 06 06 I 06 06 06 06 06 06 06 06 14 06 11 11 11 11 11 11 | 11 11 06 11 01 12 14 14 06 06 06 06 06 14 15 15 
I 11 11 11 11 11 11 11 06 14 14 14 14 14 06 06 06 | 06 06 06 06 06 06 06 06 06 06 06 06 06 06 06 06 I 06 06 06 06 06 06 06 06 14 06 11 11 11 11 11 11 | 11 11 11 06 12 01 11 14 06 06 06 06 14 15 15 15 
I 11 11 11 11 11 11 11 06 14 14 14 14 14 06 06 06 | 06 06 06 06 06 06 06 06 06 06 06 06 06 06 06 06 I 06 06 06 06 06 06 06 06 14 06 11 11 11 11 11 11 | 11 11 11 06 11 01 01 14 14 06 06 14 15 15 15 15 
I 11 11 11 11 11 11 11 06 14 14 14 14 14 06 06 06 | 06 06 06 06 06 06 06 06 06 06 06 06 06 06 06 06 I 06 06 06 06 06 06 06 06 14 06 06 11 11 11 11 11 | 11 11 06 06 06 12 01 11 14 06 14 15 15 09 15 15 
I 11 11 11 06 11 11 11 06 14 14 14 14 14 06 06 06 | 06 06 06 06 06 06 06 06 11 11 11 12 12 12 12 11 I 11 06 06 06 06 06 06 06 14 06 06 06 11 11 11 11 | 06 06 06 06 06 11 01 01 06 14 15 15 09 15 15 15 
I 11 11 06 06 11 11 11 06 14 14 14 14 14 06 06 06 | 06 06 06 06 06 06 06 14 11 11 11 11 12 12 12 12 I 12 12 06 06 06 06 06 06 14 06 06 06 11 11 11 06 | 06 06 06 06 06 06 11 01 12 15 15 09 15 15 15 15 
I 11 06 14 06 11 11 11 06 14 14 14 14 14 06 06 06 | 06 06 06 06 06 06 14 06 06 06 11 11 12 12 12 12 I 12 12 12 14 14 06 06 14 14 06 06 11 06 06 11 06 | 06 06 06 06 06 06 11 12 14 15 09 15 15 15 15 15 
I 11 06 09 06 11 11 11 06 09 14 14 14 14 14 06 06 | 06 06 06 06 06 06 06 06 06 06 06 11 11 12 12 12 I 12 12 12 13 12 14 14 14 14 06 11 11 11 06 06 11 | 06 06 06 06 06 06 11 14 15 15 15 15 15 09 15 14 
I 06 14 14 06 11 11 11 06 14 14 14 14 14 14 06 06 | 06 06 06 06 06 06 06 06 06 06 06 11 11 12 12 12 I 12 12 13 13 13 12 14 14 14 06 06 11 11 06 14 06 | 06 06 06 06 06 11 14 15 15 15 15 15 15 09 14 11 
I 06 14 14 06 11 11 11 06 14 14 14 14 14 14 06 06 | 06 06 06 06 06 14 14 06 06 06 11 11 11 11 12 12 I 13 12 12 12 13 13 14 09 14 06 11 11 11 06 15 14 | 11 06 06 06 11 06 15 15 09 15 15 15 09 14 11 11 
I 14 14 14 06 11 11 11 06 14 14 14 14 14 14 06 06 | 06 06 06 06 06 06 06 06 06 06 06 06 11 12 12 12 I 12 12 12 12 13 13 13 11 09 14 06 11 11 06 15 09 | 06 06 06 06 11 09 15 09 15 15 15 15 14 11 11 11 
I 14 14 14 06 11 11 11 06 14 14 14 14 14 06 06 06 | 06 14 06 06 06 06 06 06 06 06 06 11 12 12 12 12 I 12 12 12 12 13 12 13 13 14 14 06 11 11 06 09 15 | 07 06 11 06 14 15 09 09 15 15 15 09 14 11 11 11 
I 14 14 14 06 11 11 11 06 14 14 14 14 14 14 06 06 | 06 14 06 06 06 06 06 06 06 14 11 12 12 12 12 12 I 12 12 12 12 12 13 13 13 12 14 06 11 11 06 09 15 | 14 12 13 12 15 15 09 09 15 15 15 14 11 11 11 11 
I 14 14 14 06 11 11 11 06 09 14 14 14 14 06 14 11 | 06 14 06 06 06 06 06 06 06 11 12 11 12 12 12 12 I 12 12 12 12 12 12 13 13 13 14 06 11 11 06 15 14 | 12 13 13 13 14 15 09 15 15 15 14 11 11 11 11 11 
-------------------------------------------------------------------------------------------------------------------------------------------------------------------------------------------------------
I 14 14 14 06 11 11 11 06 14 14 14 14 14 06 06 11 | 06 14 14 06 06 06 06 06 11 11 11 12 12 12 12 12 I 12 12 12 12 12 12 12 12 13 13 11 06 06 14 12 13 | 12 12 12 13 14 15 15 15 15 15 11 11 11 11 11 11 
I 14 14 14 06 11 11 11 06 14 14 14 14 14 06 14 11 | 06 14 14 06 06 06 06 11 11 11 11 12 12 12 12 12 I 12 12 12 12 12 12 12 12 12 12 12 11 12 12 12 12 | 12 12 13 13 14 15 15 15 15 14 11 11 11 11 11 11 
I 14 14 14 06 11 11 11 06 14 14 14 14 14 14 14 12 | 06 06 14 06 06 06 11 11 06 11 11 11 11 11 12 12 I 12 12 12 12 12 12 12 12 12 12 12 12 12 12 12 12 | 12 12 13 12 15 15 15 15 14 11 11 11 11 11 11 11 
I 14 14 14 06 11 11 11 06 14 14 14 14 14 14 14 12 | 06 06 14 06 06 06 06 06 11 11 11 11 11 11 11 11 I 11 11 12 12 12 12 12 12 12 12 12 12 12 12 12 12 | 12 11 12 11 15 15 15 09 14 11 11 11 11 11 11 11 
I 14 14 14 06 11 11 11 06 14 14 14 14 14 14 14 12 | 11 06 06 06 06 06 06 11 06 11 11 11 11 11 11 11 I 11 11 11 12 12 11 11 12 12 12 12 12 12 12 12 13 | 12 11 12 14 15 15 15 14 11 11 11 11 11 11 11 11 
I 14 14 14 06 11 11 11 06 09 14 14 14 14 14 14 12 | 11 06 06 06 06 06 06 06 06 11 11 11 14 14 11 11 I 11 11 11 11 11 11 12 12 12 12 12 12 12 12 13 12 | 14 14 12 15 15 15 09 14 11 11 11 11 11 11 11 11 
I 14 14 14 06 11 11 11 06 09 14 14 14 14 14 14 12 | 11 06 06 06 14 06 06 06 06 06 11 14 14 14 11 14 I 14 14 09 15 14 12 12 12 12 12 12 12 13 12 11 14 | 14 12 14 15 15 15 14 11 11 11 11 11 11 11 11 11 
I 14 14 06 06 11 11 11 06 14 14 14 14 14 14 14 12 | 12 06 06 14 06 06 06 06 06 06 14 14 14 09 14 14 I 14 09 15 14 12 12 12 12 12 12 12 12 11 14 14 06 | 12 14 15 15 15 15 14 11 11 11 11 11 11 11 11 11 
I 14 14 14 06 11 11 11 06 14 14 14 14 14 14 14 11 | 12 11 06 06 06 06 06 06 06 14 14 09 15 14 14 14 I 09 14 14 12 12 12 12 12 12 12 11 14 14 11 11 12 | 14 15 09 15 15 14 11 11 11 11 11 11 11 11 11 11 
I 14 14 14 06 11 11 11 06 09 14 14 14 14 14 14 14 | 12 11 06 06 06 06 06 06 14 14 09 09 09 09 09 14 I 14 14 12 12 12 12 12 12 12 12 14 14 14 11 11 14 | 15 09 15 15 15 14 11 11 11 11 11 11 11 11 11 11 
I 14 14 14 06 11 11 11 06 09 14 14 14 14 14 06 14 | 11 12 06 14 06 06 14 14 09 14 09 14 09 15 09 09 I 14 11 12 12 12 12 12 12 12 12 06 14 14 11 14 15 | 09 09 15 15 09 14 11 11 11 11 11 11 11 11 11 11 
I 14 14 14 06 11 11 11 06 09 14 14 14 14 14 06 14 | 11 11 14 06 06 06 14 09 15 09 09 09 14 15 15 14 I 11 12 12 11 12 11 12 12 12 12 11 08 14 11 09 15 | 09 09 15 15 14 11 11 11 11 11 11 11 11 11 11 11 
I 14 14 14 06 11 11 11 06 14 14 14 14 14 06 06 06 | 11 11 06 06 06 09 09 09 09 09 09 14 14 15 14 12 I 11 12 12 11 11 12 12 12 12 13 12 09 15 11 09 15 | 09 09 15 15 14 11 11 11 11 11 11 11 11 11 11 11 
I 14 14 14 06 11 11 11 06 14 14 14 14 14 06 06 06 | 06 06 06 06 14 09 15 09 09 09 09 09 09 14 11 12 I 12 12 11 11 11 12 12 12 12 13 12 14 15 14 14 15 | 09 09 15 14 11 11 11 11 11 11 11 11 11 11 11 11 
I 14 14 14 06 11 11 11 06 14 14 14 14 14 06 06 06 | 14 14 11 14 09 14 09 09 15 09 09 09 14 11 11 12 I 12 06 06 11 12 12 12 12 12 12 12 14 15 14 14 09 | 09 15 15 14 11 11 11 11 11 11 11 11 11 11 11 11 
I 14 14 14 06 11 11 11 06 14 14 14 14 14 14 06 11 | 14 14 14 09 14 14 09 09 09 15 09 09 11 12 12 12 I 06 06 14 14 06 11 12 12 12 11 14 14 15 14 14 09 | 09 15 09 14 11 11 11 11 11 11 11 11 11 11 11 14 
=======================================================================================================================================================================================================
I 14 14 14 14 11 11 11 06 14 14 14 14 14 06 06 11 | 06 09 09 14 14 09 09 15 14 15 15 14 12 12 11 09 I 08 09 14 14 06 06 11 12 14 09 09 09 15 14 14 09 | 15 15 14 11 11 11 11 11 11 11 11 11 11 11 11 14 
I 14 14 14 14 11 11 11 06 14 14 14 14 09 14 12 06 | 09 09 09 14 14 15 09 09 15 15 14 11 12 12 14 09 I 14 14 12 14 06 06 12 12 09 14 14 15 15 14 14 09 | 15 15 14 11 11 11 11 11 11 11 11 11 11 14 14 11 
I 14 14 14 14 11 11 11 06 14 14 06 14 14 11 14 09 | 14 14 09 14 14 09 15 15 15 15 14 12 12 06 06 06 I 06 11 12 11 06 06 12 12 06 11 14 09 15 14 14 09 | 15 09 14 11 11 11 11 11 11 11 11 11 14 11 11 12 
I 14 14 09 14 11 11 12 06 14 14 06 06 11 14 15 09 | 14 09 09 14 14 14 15 15 15 14 12 12 14 06 11 11 I 11 11 11 11 06 06 12 12 11 06 06 14 15 14 11 09 | 15 09 06 11 11 11 11 11 11 11 11 14 11 12 12 12 
I 14 14 09 14 11 11 11 06 14 14 06 11 14 14 09 14 | 14 15 09 14 14 14 15 15 09 11 12 14 06 06 11 11 I 12 12 12 11 06 06 11 12 11 06 06 14 15 14 11 15 | 15 14 11 11 11 11 11 11 11 11 14 11 12 12 12 12 
I 14 14 09 14 11 11 11 06 14 14 06 14 14 14 14 14 | 14 15 15 15 15 14 14 15 14 12 14 09 06 06 11 11 I 11 12 11 11 06 06 11 13 11 11 06 09 15 09 11 09 | 15 14 11 11 11 11 11 11 11 14 11 12 12 12 12 12 
I 14 14 09 14 11 11 11 06 14 14 11 14 14 14 14 14 | 14 15 15 09 14 14 14 15 11 12 15 09 06 06 06 11 I 11 11 11 06 06 06 11 13 11 11 06 09 09 09 11 14 | 15 06 11 11 11 11 11 11 11 14 12 12 12 12 01 12 
I 14 14 08 09 11 11 11 06 14 14 14 14 14 14 14 14 | 14 15 15 14 14 14 15 14 11 14 15 14 06 06 06 11 I 11 11 11 06 06 06 06 12 11 06 14 15 09 15 14 14 | 09 11 11 11 11 11 11 11 14 11 12 12 12 01 01 12 
I 14 14 09 14 11 11 11 06 14 14 14 14 14 14 14 14 | 14 09 09 15 14 15 14 12 14 15 09 14 06 06 06 11 I 11 11 11 06 06 06 06 12 11 06 14 15 09 15 14 14 | 14 11 11 11 11 11 11 11 14 11 12 12 01 01 01 01 
I 14 14 09 14 11 11 11 06 14 14 14 09 14 14 14 14 | 14 14 14 15 14 14 14 14 15 15 09 14 06 06 06 06 I 11 11 11 11 06 11 11 12 11 06 15 15 14 15 14 14 | 14 11 11 11 11 11 11 11 14 12 12 01 01 01 01 01 
I 09 09 09 14 11 11 11 11 07 14 14 14 14 09 09 14 | 14 14 09 09 11 11 14 14 15 09 09 14 06 06 06 06 I 06 11 11 11 11 12 12 12 11 14 15 09 14 08 14 14 | 06 11 11 11 11 11 11 14 11 12 01 01 01 01 01 01 
I 09 09 09 14 11 11 11 06 14 14 14 09 09 09 14 14 | 14 14 14 11 12 14 14 15 09 09 09 14 06 06 06 06 I 06 06 06 06 06 06 11 06 06 15 15 09 14 09 09 06 | 06 11 11 11 11 11 11 14 11 12 01 01 01 01 01 01 
I 09 09 09 14 11 11 11 11 14 14 14 09 09 09 14 14 | 14 14 14 11 11 14 15 15 15 09 09 14 14 06 06 06 I 11 06 06 06 06 11 11 06 14 15 15 09 14 09 09 11 | 11 11 11 11 11 11 11 14 11 01 01 01 01 01 01 01 
I 15 08 09 14 11 11 11 11 14 14 14 14 09 14 14 14 | 14 14 14 11 11 15 15 15 15 09 09 09 14 06 06 06 I 06 06 06 06 06 06 11 06 15 15 15 09 14 09 09 11 | 11 11 11 11 11 11 11 14 11 01 01 01 01 01 01 01 
I 15 15 14 06 11 11 11 06 14 14 14 09 09 09 14 14 | 14 14 14 11 14 15 09 15 15 09 09 09 09 07 06 06 I 06 06 11 11 11 11 11 14 15 09 15 09 14 09 09 11 | 11 11 11 11 11 11 11 14 11 01 01 01 01 01 01 01 
I 15 15 14 06 11 11 11 06 09 14 09 14 09 09 14 14 | 14 14 14 14 15 15 09 15 15 15 09 09 09 09 09 14 I 06 06 11 11 11 11 06 15 15 09 15 09 14 14 09 11 | 11 11 11 11 11 11 14 14 11 01 01 01 01 01 12 11 
-------------------------------------------------------------------------------------------------------------------------------------------------------------------------------------------------------
I 15 15 09 14 11 11 11 06 14 14 09 09 09 15 14 14 | 14 14 11 14 14 15 09 15 15 15 15 09 09 09 14 14 I 06 06 11 11 11 11 11 14 15 15 15 14 14 14 14 11 | 14 14 14 14 11 11 14 14 12 01 01 01 01 11 09 15 
I 14 15 09 14 11 11 11 11 14 14 15 09 09 09 14 14 | 14 14 14 14 14 09 09 09 15 15 15 09 09 09 06 06 I 06 06 11 11 11 11 12 12 11 14 15 14 14 14 14 11 | 14 14 14 14 14 14 14 14 12 01 01 01 11 09 09 14 
I 14 14 09 09 06 11 11 11 14 14 15 14 14 14 09 14 | 14 14 14 14 14 14 09 09 09 15 15 09 09 09 14 06 I 06 06 06 06 11 11 12 12 12 12 14 09 14 09 14 11 | 11 11 14 14 14 14 14 14 12 01 01 06 09 14 14 14 
I 14 11 14 09 06 11 11 11 14 15 15 09 14 09 09 14 | 14 14 14 11 14 14 09 09 09 15 09 09 14 09 14 06 I 06 06 06 06 11 11 12 12 12 12 13 11 15 09 14 11 | 11 11 11 14 14 14 14 06 01 01 12 14 14 14 14 14 
I 14 12 11 09 06 11 11 11 14 15 09 15 15 14 15 09 | 14 14 14 14 14 14 14 15 09 15 09 15 14 09 14 06 I 06 06 06 11 11 11 11 12 12 12 12 13 14 15 14 11 | 11 11 11 14 14 14 06 11 01 01 06 14 14 14 14 14 
I 15 11 11 09 06 11 11 11 14 15 09 15 14 14 15 09 | 09 14 14 14 14 14 14 15 09 15 15 09 06 09 14 06 I 06 06 06 11 11 11 11 12 12 12 12 13 12 15 14 11 | 11 11 14 14 14 14 11 01 01 12 14 14 14 14 14 14 
I 15 14 11 09 06 11 11 11 14 15 15 15 14 14 15 15 | 15 14 14 14 14 14 14 15 09 15 15 14 06 14 14 06 I 06 06 06 06 11 11 11 11 12 12 12 13 13 14 14 11 | 11 11 14 14 14 11 01 01 01 11 14 14 14 14 14 14 
I 15 14 12 09 06 11 11 11 14 15 15 09 09 09 15 15 | 09 09 14 14 14 14 14 14 14 09 09 14 06 14 06 06 I 06 06 06 06 06 11 11 11 12 12 12 12 13 14 14 11 | 14 14 14 14 14 11 01 01 01 06 14 14 14 14 14 14 
I 15 14 12 14 06 11 11 11 14 15 09 09 15 09 15 15 | 09 14 14 14 14 14 15 09 09 15 09 06 06 14 06 06 I 06 06 06 06 06 11 11 11 12 12 12 12 13 12 14 11 | 11 11 14 14 14 06 12 01 12 06 14 14 14 14 14 14 
I 15 14 12 14 06 11 11 11 14 15 15 15 09 09 09 15 | 09 14 14 14 14 14 09 15 15 15 14 06 14 14 06 06 I 06 06 06 06 06 11 11 11 11 12 12 12 13 13 14 14 | 14 14 14 11 11 06 11 01 11 14 14 14 14 14 14 14 
I 15 14 12 14 06 11 11 11 14 15 15 15 09 09 09 15 | 15 14 14 14 14 09 15 15 15 09 06 06 09 06 06 06 I 06 06 06 06 06 06 11 11 11 12 12 12 12 13 14 14 | 14 14 14 14 06 06 12 01 06 09 14 14 14 14 14 09 
I 09 14 12 14 06 11 11 11 14 15 15 15 15 09 09 15 | 15 15 14 14 14 15 15 15 15 14 06 09 14 06 06 06 I 06 06 06 06 06 06 11 11 11 11 12 12 12 13 12 14 | 14 14 09 15 14 12 01 11 09 09 14 14 14 14 14 09 
I 14 14 12 14 06 11 12 11 14 15 15 15 15 09 14 15 | 09 09 09 14 14 15 15 15 14 14 09 14 06 06 06 06 I 06 06 06 06 06 06 06 11 11 11 12 12 12 13 12 14 | 14 14 14 09 14 01 06 09 09 14 14 14 14 14 14 09 
I 09 14 12 14 06 11 12 11 09 15 09 09 15 09 14 14 | 09 14 14 14 14 15 15 15 09 14 14 06 06 06 06 06 I 06 06 06 06 06 06 06 11 11 11 12 12 12 13 13 14 | 14 14 14 14 06 06 14 14 14 14 14 14 14 14 09 09 
I 15 14 12 11 06 11 12 06 09 15 09 09 09 09 09 14 | 14 14 14 14 14 15 15 07 06 06 06 06 06 06 06 06 I 06 06 06 06 06 06 06 11 11 11 11 12 12 12 13 11 | 14 14 14 14 14 14 14 14 14 14 09 14 14 14 15 15 
I 15 14 12 12 06 11 12 06 15 15 09 09 09 14 09 14 | 14 14 09 09 14 09 09 06 06 06 06 06 06 06 06 06 I 06 06 06 06 06 11 11 11 11 11 11 12 12 12 13 12 | 14 14 14 06 06 06 06 14 14 14 14 14 14 15 15 14 
