=======================================================================================================================================================================================================
I 09 09 09 09 09 09 09 09 01 01 01 09 01 09 09 09 | 09 09 09 09 09 09 09 09 09 09 09 09 09 09 09 09 I 09 09 09 09 09 09 09 09 09 09 09 09 09 09 09 09 | 09 09 09 13 13 01 09 09 09 09 09 09 09 09 09 09 
I 09 09 09 09 09 09 09 09 01 01 09 01 01 09 09 09 | 09 09 09 09 09 09 09 09 09 09 09 09 09 09 09 09 I 09 09 09 09 09 09 09 09 09 09 09 09 09 09 09 09 | 09 09 09 13 13 09 01 09 09 09 09 09 09 09 01 01 
I 09 09 09 09 09 09 09 09 01 01 09 01 01 09 09 09 | 09 09 09 09 09 09 09 09 09 09 09 09 09 09 09 09 I 09 09 09 09 09 09 09 09 01 09 09 09 09 09 09 09 | 09 09 09 09 13 13 09 09 09 09 09 09 09 01 01 01 
I 09 09 09 09 09 09 09 09 01 01 09 01 01 09 09 09 | 09 09 09 09 09 09 09 09 09 09 09 09 09 09 09 09 I 09 09 09 09 09 09 09 09 09 09 09 09 09 09 09 09 | 09 09 09 09 13 13 09 01 09 09 09 09 01 01 01 01 
I 09 09 09 09 09 09 09 09 01 01 09 01 01 09 09 09 | 09 09 09 09 09 09 09 09 09 09 09 09 09 09 09 09 I 09 09 09 09 09 09 09 09 09 09 09 09 09 09 09 09 | 09 09 09 09 09 13 13 09 09 09 09 01 01 01 01 01 
I 09 09 09 09 09 09 09 09 01 01 01 01 01 09 09 09 | 09 09 09 09 09 09 09 09 09 09 09 09 09 09 09 09 I 09 09 09 09 09 09 09 09 09 09 09 09 09 09 09 09 | 09 09 09 09 09 13 13 09 01 09 01 01 01 01 01 01 
I 09 09 09 09 09 09 09 09 01 01 01 01 09 09 09 09 | 09 09 09 09 09 09 09 09 09 03 03 03 13 03 03 03 I 09 09 09 09 09 09 09 09 09 09 09 09 09 09 09 09 | 09 09 09 09 09 09 13 13 09 01 01 01 01 01 01 01 
I 09 09 09 09 09 09 09 09 01 01 01 01 01 09 09 09 | 09 09 09 09 09 09 09 09 09 09 03 03 03 03 13 13 I 13 03 09 09 09 09 09 09 01 09 09 09 09 09 09 09 | 09 09 09 09 09 09 09 13 13 01 01 01 01 01 01 01 
I 09 09 01 09 09 09 09 09 01 01 01 01 01 09 09 09 | 09 09 09 09 09 09 09 09 09 09 09 03 03 03 13 13 I 13 13 13 09 01 09 09 09 01 09 09 09 09 09 09 09 | 09 09 09 09 09 09 09 13 01 01 01 01 01 01 01 01 
I 09 09 01 09 09 09 09 09 01 01 01 01 01 09 09 09 | 09 09 09 09 09 09 09 09 09 09 09 09 03 03 13 13 I 13 13 13 13 03 01 09 09 01 09 09 09 09 09 09 09 | 09 09 09 09 09 09 09 01 01 01 01 01 01 01 01 01 
I 09 01 01 09 09 09 09 09 01 01 01 01 01 09 09 09 | 09 09 09 09 09 09 09 09 09 09 09 09 03 13 13 13 I 13 13 13 13 13 03 01 01 01 09 09 09 09 09 01 09 | 09 09 09 09 09 09 01 01 01 01 01 01 01 01 01 09 
I 09 01 01 09 09 09 09 09 01 01 01 01 01 09 09 09 | 09 09 09 09 09 09 09 09 09 09 09 09 03 03 03 13 I 13 13 13 13 13 13 03 01 01 09 09 09 09 09 01 01 | 09 09 09 09 09 09 01 01 01 01 01 01 01 01 09 09 
I 01 01 01 09 09 09 09 09 01 01 01 01 01 09 09 09 | 09 09 09 09 09 09 09 09 09 09 09 09 09 03 13 13 I 13 13 13 13 13 13 13 03 01 09 09 09 09 09 01 01 | 09 09 09 09 09 01 01 01 01 01 01 01 01 09 09 09 
I 01 01 01 09 09 09 09 09 01 01 01 01 01 09 09 09 | 09 01 09 09 09 09 09 09 09 09 09 09 03 13 13 13 I 13 13 13 13 13 13 13 13 01 01 09 09 09 09 01 01 | 01 09 09 09 01 01 01 01 01 01 01 01 09 09 09 09 
I 01 01 01 09 09 09 09 09 01 01 01 01 01 09 09 09 | 09 01 09 09 09 09 09 09 09 09 03 13 13 13 13 13 I 13 13 13 13 13 13 13 13 13 01 09 09 09 09 01 01 | 01 13 13 13 01 01 01 01 01 01 01 01 09 09 09 09 
I 01 01 01 09 09 09 09 09 01 01 01 01 01 09 01 09 | 09 01 09 09 09 09 09 09 09 03 03 03 03 13 13 13 I 13 13 13 13 13 13 13 13 13 09 09 09 09 09 01 03 | 13 13 13 13 14 01 01 01 01 01 01 09 09 09 09 09 
-------------------------------------------------------------------------------------------------------------------------------------------------------------------------------------------------------
I 01 01 01 09 09 09 09 09 01 01 01 01 01 09 09 09 | 09 01 09 09 09 09 09 09 09 03 03 03 13 13 13 03 I 13 13 13 13 13 13 13 13 13 13 09 09 09 09 03 13 | 13 13 13 13 14 01 01 01 01 01 03 09 09 09 09 09 
I 01 01 01 09 09 09 09 09 01 01 01 01 01 09 01 09 | 09 01 01 09 09 09 09 09 09 09 03 03 03 03 03 03 I 13 13 13 13 13 13 13 13 13 13 13 09 03 13 13 13 | 13 13 13 13 01 01 01 01 01 01 09 09 09 09 09 09 
I 01 01 01 09 09 09 09 09 01 01 01 01 01 01 09 13 | 09 09 09 09 09 09 09 09 09 09 03 03 03 03 03 03 I 03 03 13 03 13 13 13 13 13 03 13 13 13 13 13 13 | 13 13 13 13 01 01 01 01 01 09 09 09 09 09 09 09 
I 01 01 01 09 09 09 09 09 01 01 01 01 01 01 09 09 | 09 09 01 09 09 09 09 09 09 09 09 03 03 03 03 03 I 03 03 03 03 13 03 03 03 03 13 13 13 13 13 13 13 | 13 03 13 03 01 01 01 01 09 09 09 09 09 09 09 09 
I 01 01 01 09 09 09 09 09 01 01 01 01 01 01 09 09 | 09 09 09 09 09 09 09 09 09 09 09 09 03 03 03 09 I 03 03 03 03 03 03 03 03 13 13 13 13 13 13 13 13 | 03 09 03 01 01 01 01 01 09 09 09 09 09 09 09 09 
I 01 01 01 09 09 09 09 09 01 01 01 01 01 01 09 13 | 09 09 09 09 09 09 09 09 09 09 09 03 03 03 03 03 I 03 03 03 03 03 03 03 13 13 13 13 13 13 13 13 13 | 09 09 03 01 01 01 01 09 09 09 09 09 09 09 09 09 
I 01 01 01 09 09 09 09 09 01 01 01 01 01 01 09 13 | 09 09 09 09 09 09 09 09 09 09 03 03 01 01 03 04 I 01 01 01 01 03 13 13 13 13 13 13 13 13 13 03 01 | 01 13 14 01 01 01 01 09 09 09 09 09 09 09 09 09 
I 01 01 01 09 09 09 09 09 01 01 01 01 01 01 01 13 | 09 09 09 09 09 09 09 09 09 09 09 01 01 01 01 01 I 01 01 01 09 03 13 13 13 13 13 13 13 03 01 01 09 | 13 01 01 01 01 01 09 09 03 03 03 03 03 09 09 09 
I 01 01 01 09 09 09 09 09 01 01 01 01 01 01 01 09 | 13 09 09 09 09 09 09 09 09 01 01 01 01 01 01 01 I 01 01 09 13 13 13 13 13 13 13 03 01 03 09 09 13 | 01 01 01 01 01 01 09 09 09 03 03 03 03 09 09 09 
I 09 01 01 09 09 09 09 09 01 01 01 01 01 01 01 09 | 13 09 09 09 09 09 09 09 01 01 01 01 01 01 01 01 I 01 03 13 13 13 03 03 13 13 03 01 01 03 03 09 01 | 01 01 01 01 01 01 09 09 09 09 09 03 03 09 03 09 
I 09 01 01 09 09 09 09 09 01 01 01 01 01 01 09 01 | 09 13 09 09 09 09 09 01 01 01 01 01 01 01 01 01 I 04 03 13 03 03 03 03 13 13 13 09 01 01 03 01 01 | 01 01 01 01 01 09 09 03 03 09 09 03 03 09 09 09 
I 01 01 01 09 09 09 09 09 01 01 01 01 01 01 09 01 | 09 09 01 09 09 09 01 01 01 01 01 01 01 01 01 09 I 03 03 13 03 03 03 13 13 13 13 09 01 01 03 01 01 | 01 01 01 01 01 09 09 09 09 09 09 09 03 09 09 09 
I 01 01 01 09 09 09 09 09 01 01 01 01 01 09 09 09 | 09 09 09 09 09 01 01 01 01 01 01 01 01 01 09 03 I 03 03 03 03 09 03 13 13 13 13 13 01 01 03 01 01 | 01 01 01 01 09 09 09 09 09 09 09 03 03 09 09 09 
I 01 01 01 09 09 09 09 09 01 01 01 01 01 09 09 09 | 09 09 09 09 01 01 01 01 01 01 01 01 01 09 09 13 I 03 03 03 09 03 13 13 13 13 13 13 01 01 03 01 01 | 01 01 01 01 09 09 03 09 03 09 03 03 03 09 09 09 
I 01 01 01 09 09 09 09 09 01 01 01 01 01 09 09 09 | 09 01 03 01 01 01 01 01 01 01 01 01 01 03 03 03 I 13 09 09 09 13 03 13 13 13 13 13 01 01 01 01 01 | 01 01 01 01 09 09 09 09 03 03 09 03 03 03 09 09 
I 01 01 01 09 09 09 09 09 01 01 01 01 01 01 09 09 | 01 01 01 01 01 01 01 01 01 01 01 01 09 13 13 03 I 09 09 09 01 09 09 13 13 13 09 01 01 01 01 01 01 | 01 01 01 09 09 09 09 09 09 09 09 09 03 03 03 03 
=======================================================================================================================================================================================================
I 01 01 01 09 09 09 09 09 01 01 01 01 01 09 09 09 | 09 01 01 01 01 01 01 01 01 01 01 09 03 13 03 01 I 01 01 01 01 09 09 03 13 09 01 01 01 01 01 01 01 | 01 01 01 09 09 09 09 09 09 09 09 09 03 03 03 03 
I 01 01 01 01 09 09 09 09 01 01 01 01 01 09 13 09 | 01 01 01 01 04 01 01 01 01 01 01 03 13 13 01 01 I 01 01 13 01 09 09 13 03 01 01 09 01 01 01 03 01 | 01 01 01 09 09 09 09 09 09 09 09 09 03 03 03 03 
I 01 01 01 01 09 09 09 09 01 01 09 01 01 03 03 01 | 01 01 01 01 04 01 01 01 01 01 09 13 03 09 09 09 I 09 03 03 09 09 09 13 03 09 03 01 01 01 01 03 01 | 01 01 09 09 09 09 09 09 09 09 09 09 03 09 09 13 
I 01 01 01 01 09 09 09 09 01 01 09 09 03 01 01 01 | 04 01 01 01 04 01 01 01 01 01 03 13 01 09 09 09 I 09 09 03 03 09 09 13 13 09 09 09 01 01 01 03 01 | 01 01 09 09 09 09 09 09 09 09 09 09 03 13 13 13 
I 01 01 01 01 09 09 09 09 01 01 09 03 04 01 01 04 | 01 01 01 01 01 01 01 01 01 09 13 01 09 09 09 03 I 03 03 03 09 09 09 03 13 03 09 09 01 01 01 03 01 | 01 01 09 09 09 09 09 09 09 09 09 09 13 13 13 13 
I 01 01 01 01 09 09 09 09 01 01 09 01 01 01 01 04 | 01 01 01 01 01 01 01 01 01 13 14 01 09 09 09 09 I 03 03 09 09 09 09 03 13 09 09 09 01 01 01 03 01 | 01 01 09 09 09 09 09 09 09 09 09 13 13 13 13 13 
I 01 01 01 01 09 09 09 09 01 01 03 01 01 01 01 04 | 01 01 01 01 01 09 01 01 09 03 01 01 09 09 09 09 I 09 09 09 09 09 09 09 13 09 09 09 01 01 01 03 01 | 01 09 09 09 09 09 09 09 09 09 09 13 13 13 13 13 
I 01 01 01 01 09 09 09 09 01 01 03 01 01 01 01 04 | 01 01 01 01 01 01 01 01 03 01 01 01 09 09 09 09 I 09 09 09 09 09 09 09 13 09 09 09 01 01 01 03 01 | 01 09 09 09 09 09 09 09 09 09 13 13 13 13 13 13 
I 01 01 01 01 09 09 09 09 01 01 01 01 01 01 01 04 | 04 01 01 01 01 01 01 13 14 01 01 01 09 09 09 09 I 09 09 09 09 09 09 09 13 09 09 01 01 01 01 09 01 | 01 09 09 09 09 09 09 09 09 09 13 13 13 13 13 13 
I 01 01 01 09 09 09 09 09 01 01 09 01 01 01 01 04 | 03 01 01 01 01 03 09 03 01 01 01 01 09 09 09 09 I 09 09 09 09 09 09 03 03 09 09 01 01 01 01 01 01 | 09 09 09 09 09 09 09 09 09 09 13 13 13 13 13 13 
I 01 01 01 09 09 09 09 09 01 01 01 01 01 01 01 01 | 04 03 01 01 03 03 01 01 01 01 01 01 09 09 09 09 I 09 09 09 09 09 13 13 03 09 01 01 01 01 01 01 09 | 09 09 09 09 09 09 09 09 09 13 13 13 13 13 13 13 
I 01 01 01 09 09 09 09 09 01 01 01 01 01 01 01 01 | 01 04 01 03 03 09 01 01 01 01 01 01 09 09 09 09 I 09 09 09 09 09 09 09 09 09 01 01 01 01 01 01 09 | 09 09 09 09 09 09 09 09 09 13 13 13 13 13 13 13 
I 01 01 01 09 09 09 09 09 01 01 01 01 01 01 04 01 | 01 01 03 03 09 01 01 01 01 01 01 01 01 09 09 09 I 09 09 09 09 09 02 09 09 01 01 01 01 01 01 01 09 | 09 09 09 09 09 09 09 09 09 13 13 13 13 13 13 13 
I 01 01 01 09 09 09 09 09 01 01 01 01 01 01 03 04 | 01 04 03 03 09 01 01 01 01 01 01 01 01 09 09 09 I 09 09 09 09 09 09 09 09 01 01 01 01 01 01 01 09 | 09 09 09 09 09 09 09 09 09 13 13 13 13 13 13 13 
I 01 01 01 09 09 09 09 09 01 01 01 01 01 01 04 03 | 04 01 01 03 01 01 01 01 01 01 01 01 01 01 09 09 I 09 09 09 09 09 09 09 01 01 01 01 01 01 01 01 09 | 09 09 03 09 03 03 03 09 09 13 13 13 13 13 13 13 
I 01 01 01 09 09 09 09 09 01 01 01 01 01 01 04 01 | 03 03 03 01 01 01 01 01 01 01 01 01 01 01 01 01 I 09 09 09 03 03 03 09 01 01 01 01 01 01 01 01 03 | 09 09 03 03 03 03 09 09 03 13 13 13 13 13 13 09 
-------------------------------------------------------------------------------------------------------------------------------------------------------------------------------------------------------
I 01 01 01 09 09 09 09 09 01 01 01 01 01 01 03 01 | 01 04 03 03 01 01 01 01 01 01 01 01 01 01 01 01 I 09 09 09 09 09 09 09 01 01 01 01 01 01 01 01 09 | 09 09 09 09 03 03 03 09 13 13 13 13 13 09 01 01 
I 01 01 01 01 09 09 09 09 01 01 01 01 01 01 01 04 | 04 04 04 04 03 01 01 01 01 01 01 01 01 01 09 09 I 09 09 09 09 09 03 13 13 03 01 01 01 01 01 01 09 | 09 09 09 01 01 09 09 01 13 13 13 13 09 01 01 01 
I 03 01 01 01 09 09 09 09 09 01 01 01 01 01 01 01 | 04 01 04 03 01 01 01 01 01 01 01 01 01 01 09 09 I 09 09 09 09 09 03 13 13 13 13 03 01 01 01 01 09 | 09 09 09 09 01 01 09 01 13 13 13 09 01 01 01 01 
I 03 03 01 01 09 09 09 09 03 01 01 01 01 01 01 01 | 01 01 04 03 01 03 01 01 01 01 01 01 01 01 01 09 I 09 09 09 09 09 09 13 13 13 13 13 03 01 01 01 09 | 09 09 09 09 09 09 09 09 13 13 13 01 01 01 01 01 
I 01 03 03 01 09 09 09 09 01 01 01 01 01 01 01 01 | 01 01 01 03 03 01 01 01 01 01 01 01 01 01 01 09 I 09 09 09 09 09 09 09 13 13 13 13 13 01 01 01 09 | 09 09 09 09 09 09 09 09 13 13 09 01 01 01 01 01 
I 01 03 03 01 09 09 09 09 01 01 01 01 01 01 01 01 | 01 01 01 03 03 01 14 01 01 01 01 01 09 01 01 09 I 09 09 09 09 09 09 09 03 13 13 13 13 13 01 01 09 | 09 09 09 09 09 09 09 13 13 13 09 01 09 01 01 01 
I 01 03 03 01 09 09 09 09 01 01 01 01 01 01 01 01 | 01 01 01 04 03 03 14 01 01 01 01 01 09 01 09 09 I 09 09 09 09 09 09 09 03 13 13 13 13 13 01 01 09 | 09 09 09 09 09 09 13 13 13 09 01 01 09 01 01 01 
I 01 03 03 01 09 09 09 09 01 01 01 01 01 01 01 01 | 01 01 01 03 01 01 01 01 01 01 01 09 09 01 09 09 I 09 09 09 09 09 09 09 09 13 13 13 13 13 03 01 09 | 09 09 09 09 09 09 13 13 13 09 01 09 01 01 01 01 
I 01 14 03 01 09 09 09 09 01 01 01 01 01 01 01 01 | 01 01 01 04 04 01 01 01 01 01 01 09 09 01 09 09 I 09 09 09 09 09 09 09 09 03 13 13 13 13 03 09 09 | 09 09 09 09 09 09 09 13 09 09 01 01 01 01 01 01 
I 01 14 03 01 09 09 09 09 01 01 01 01 01 01 01 01 | 01 01 01 01 01 03 01 01 01 01 01 09 01 01 09 09 I 09 09 09 09 09 09 09 09 09 13 13 13 13 13 09 01 | 09 09 09 09 09 09 09 13 09 01 01 01 01 01 01 01 
I 01 01 13 01 09 09 09 09 01 01 01 01 01 01 01 01 | 01 01 03 01 01 01 01 01 01 01 09 09 01 09 09 09 I 09 09 09 09 09 09 09 09 09 13 13 13 13 13 09 01 | 01 01 01 01 09 09 09 13 09 01 01 01 01 01 01 01 
I 01 01 13 01 09 09 09 09 01 01 01 01 01 01 01 01 | 01 01 01 03 01 01 01 01 01 01 09 01 01 09 09 09 I 09 09 09 09 09 09 09 09 09 03 13 13 13 13 03 01 | 01 01 01 01 09 08 13 09 01 01 01 01 01 01 01 01 
I 01 03 13 09 09 09 09 09 01 01 01 01 01 01 01 01 | 01 01 01 04 01 01 01 01 01 01 01 01 09 09 09 09 I 09 09 09 09 09 09 09 09 09 09 13 13 13 13 13 01 | 01 01 01 01 09 13 09 01 01 01 01 01 01 01 01 01 
I 01 01 03 03 09 09 09 09 01 01 01 01 01 01 01 01 | 01 01 01 04 01 01 01 01 01 01 01 09 09 09 09 09 I 09 09 09 09 09 09 09 09 09 09 03 13 13 13 13 09 | 01 01 01 01 09 09 01 01 01 01 01 01 01 01 01 01 
I 01 01 13 03 09 09 13 09 01 01 01 01 01 01 01 01 | 01 01 01 01 01 01 01 01 09 09 09 09 09 09 09 09 I 09 09 09 09 09 09 09 09 09 09 03 13 13 13 13 03 | 01 01 09 09 09 01 09 01 01 01 01 01 01 01 01 01 
I 01 01 13 13 09 09 09 09 01 01 01 01 01 01 01 01 | 01 01 01 01 01 01 01 09 09 09 09 09 09 09 09 09 I 09 09 09 09 09 09 09 09 09 09 09 13 13 13 13 03 | 01 01 09 09 09 09 09 01 01 01 01 09 01 01 01 01 
