=======================================================================================================================================================================================================
I 11 11 04 11 04 04 04 12 12 12 12 12 12 12 12 12 | 12 12 12 12 12 12 12 12 12 12 12 12 12 12 12 12 I 12 12 12 12 12 12 12 12 12 11 04 11 11 11 04 04 | 04 11 04 02 02 12 12 12 12 12 12 12 12 12 12 12 
I 04 04 04 04 04 04 04 12 12 12 12 12 12 12 12 12 | 12 12 12 12 12 12 12 12 12 12 12 12 12 12 12 12 I 12 12 12 12 12 12 12 12 12 12 11 04 04 04 04 04 | 04 11 04 02 02 12 12 12 12 12 12 12 12 12 12 15 
I 11 04 04 11 04 04 04 12 12 12 12 12 12 12 12 12 | 12 12 12 12 12 12 12 12 12 12 12 12 12 12 12 12 I 12 12 12 12 12 12 12 12 12 12 11 11 04 04 04 04 | 04 11 11 04 02 02 12 12 12 12 12 12 12 12 15 15 
I 11 04 04 04 04 04 04 12 12 12 12 12 12 12 12 12 | 12 12 12 12 12 12 12 12 12 12 12 12 12 12 12 12 I 12 12 12 12 12 12 12 12 12 12 11 11 11 04 04 04 | 11 11 11 12 02 02 04 12 12 12 12 12 12 15 15 15 
I 04 04 04 04 04 04 04 12 12 12 12 12 12 12 12 12 | 12 12 12 12 12 12 12 12 12 12 12 12 12 12 12 12 I 12 12 12 12 12 12 12 12 12 12 11 11 11 04 04 11 | 11 11 11 12 04 02 02 12 12 12 12 12 15 15 15 15 
I 04 04 04 04 04 04 04 12 12 12 12 12 12 12 12 12 | 12 12 12 12 12 12 12 12 12 12 12 12 11 11 12 12 I 12 12 12 12 12 12 12 12 12 12 11 11 11 11 11 04 | 04 11 11 12 12 02 02 04 12 12 12 15 15 15 15 15 
I 04 04 04 12 04 04 04 12 12 12 12 12 12 12 12 12 | 12 12 12 12 12 12 12 12 11 11 11 11 02 02 02 11 I 11 12 12 12 12 12 12 12 12 12 12 11 11 11 11 11 | 04 12 12 12 12 04 02 02 11 12 15 15 15 15 15 15 
I 04 04 12 12 04 04 04 12 12 12 12 12 12 12 12 12 | 12 12 12 12 12 11 12 11 11 11 11 11 11 11 02 02 I 02 11 12 12 12 12 12 12 12 12 12 11 11 11 11 12 | 12 12 12 12 12 12 04 02 04 15 15 15 15 15 15 15 
I 04 04 12 12 04 04 04 12 12 12 12 12 12 12 12 12 | 12 12 12 12 12 12 12 12 11 11 11 11 11 02 02 02 I 02 02 02 11 12 12 12 12 12 12 11 11 11 11 11 12 | 12 12 12 12 12 12 11 02 12 15 15 15 15 15 15 15 
I 04 12 12 12 04 04 04 12 12 12 12 12 12 12 12 12 | 12 12 12 12 12 12 12 12 11 11 11 11 11 02 02 02 I 02 02 02 02 11 12 12 12 12 12 11 11 11 12 12 11 | 12 12 12 12 12 11 11 12 15 15 15 15 15 15 15 12 
I 12 12 12 12 04 04 04 12 12 12 12 12 12 12 12 12 | 12 12 12 12 12 12 12 12 12 11 11 11 11 02 02 02 I 02 02 02 02 13 11 12 12 12 12 11 11 11 12 12 12 | 11 12 12 12 12 11 12 15 15 15 15 15 15 15 12 11 
I 12 12 12 12 04 04 04 12 12 12 12 12 12 12 12 12 | 12 12 12 12 12 12 12 12 11 11 11 11 11 11 11 02 I 02 02 02 02 02 13 11 12 12 12 11 11 11 12 15 12 | 11 12 12 12 11 12 15 15 15 15 15 15 15 14 11 11 
I 12 12 12 12 04 04 04 12 12 12 12 12 12 12 12 12 | 12 12 12 12 12 12 12 12 11 11 11 11 11 11 02 02 I 02 02 02 02 02 02 13 11 12 12 11 11 11 12 15 15 | 12 12 12 12 11 15 15 15 15 15 15 15 14 11 11 11 
I 12 12 12 12 04 04 04 12 12 12 12 12 12 12 12 12 | 12 12 12 12 12 12 12 11 11 11 12 11 11 02 02 02 I 02 02 02 02 02 02 02 13 12 12 11 11 11 12 15 15 | 12 12 11 12 12 15 15 15 15 15 15 15 11 11 11 11 
I 12 12 12 12 04 04 04 12 12 12 12 12 12 12 12 12 | 11 12 12 12 12 12 12 12 12 12 11 02 02 02 02 02 I 02 02 02 02 02 02 02 13 02 12 12 11 11 12 15 15 | 14 02 02 02 15 15 15 15 15 15 15 12 11 11 11 11 
I 12 12 12 12 04 04 04 12 12 12 12 12 12 12 12 11 | 12 12 12 12 12 12 12 12 12 11 11 11 11 02 02 02 I 02 02 02 02 02 02 02 02 13 11 12 11 11 12 15 14 | 02 02 02 13 14 15 15 15 15 15 12 11 11 11 11 11 
-------------------------------------------------------------------------------------------------------------------------------------------------------------------------------------------------------
I 12 12 12 12 04 04 04 12 12 12 12 12 12 12 12 04 | 12 12 12 12 12 12 12 12 11 11 11 11 02 02 02 11 I 02 02 02 02 02 02 02 02 02 02 11 12 12 12 11 02 | 02 02 02 13 14 15 15 15 15 15 11 11 11 11 11 11 
I 12 12 12 12 04 04 04 12 12 12 12 12 12 12 12 04 | 12 12 12 12 12 12 12 11 11 11 11 11 11 11 11 11 I 02 02 02 02 02 02 02 02 02 02 02 04 11 02 02 02 | 02 02 02 02 14 15 15 15 15 12 11 11 11 11 11 11 
I 12 12 12 12 04 04 04 12 12 12 12 12 12 12 12 04 | 12 12 12 12 12 12 11 11 11 11 11 11 11 11 11 11 I 11 02 02 02 02 02 02 02 02 10 02 02 02 02 02 02 | 02 02 02 02 15 15 15 15 12 11 11 11 11 11 11 11 
I 12 12 12 12 04 04 04 12 12 12 12 12 12 12 12 04 | 04 12 12 12 12 11 11 12 11 11 11 11 11 11 11 11 I 11 11 11 11 02 02 11 11 11 02 02 02 02 02 02 02 | 02 11 02 11 15 15 15 15 12 11 11 11 11 11 11 11 
I 12 12 12 12 04 04 04 12 12 12 12 12 12 12 12 04 | 04 12 12 12 11 12 12 11 11 11 11 11 11 11 11 11 I 11 11 11 11 11 11 11 11 02 02 02 02 02 02 02 02 | 11 11 11 14 15 15 15 12 11 11 11 11 11 11 11 11 
I 12 12 12 12 04 04 04 12 12 12 12 12 12 12 12 02 | 04 04 12 12 12 12 11 12 11 11 11 11 11 11 11 11 I 11 11 11 11 11 11 11 02 02 02 02 02 02 02 02 02 | 12 12 02 15 15 15 15 11 11 11 11 11 11 11 11 11 
I 12 12 12 12 04 04 04 12 12 12 12 12 12 12 12 02 | 04 12 12 12 12 12 12 12 11 11 11 11 12 14 11 14 I 14 14 15 15 14 02 02 02 02 02 02 02 02 02 11 12 | 12 02 14 15 15 15 12 11 11 11 11 11 11 11 11 11 
I 12 12 12 12 04 04 04 12 12 12 12 12 12 12 12 02 | 04 12 12 12 12 12 12 12 11 11 11 14 14 15 14 14 I 14 15 15 14 11 02 02 02 02 02 02 02 11 12 12 12 | 02 14 15 15 15 15 12 11 11 11 11 11 11 11 11 11 
I 12 12 12 12 04 04 04 12 12 12 12 12 12 12 12 11 | 02 04 12 12 12 12 12 12 12 12 14 15 15 14 14 14 I 15 09 11 02 02 02 02 02 02 02 11 14 14 11 11 02 | 12 15 15 15 15 15 11 11 11 11 11 11 11 11 11 11 
I 12 12 12 12 04 04 04 12 12 12 12 12 12 12 12 12 | 02 04 12 12 12 12 11 12 12 14 15 15 15 15 15 14 I 14 14 02 02 02 02 11 02 02 11 12 14 14 11 04 12 | 15 15 15 15 15 12 11 11 11 11 11 11 11 11 11 11 
I 12 12 12 12 04 04 04 12 12 12 12 12 12 12 12 12 | 11 02 12 12 12 12 11 12 15 14 15 14 15 15 15 15 I 14 11 02 11 11 11 11 02 02 02 12 12 14 11 12 15 | 15 15 15 15 15 11 11 11 11 11 11 11 11 11 11 11 
I 12 12 12 12 04 04 04 12 12 12 12 12 12 12 12 12 | 11 04 12 12 12 12 12 15 15 15 15 15 14 15 15 12 I 11 02 02 11 11 11 02 02 02 02 11 15 14 11 15 15 | 15 15 15 15 12 11 11 11 11 11 11 11 11 11 11 11 
I 12 12 12 12 04 04 04 12 12 12 12 12 12 12 12 12 | 11 11 12 12 12 12 15 15 15 15 15 14 14 15 11 11 I 11 10 02 11 11 11 02 02 02 02 11 12 15 11 15 15 | 15 15 15 15 12 11 11 11 11 11 11 11 11 11 11 11 
I 12 12 12 12 11 04 04 12 12 12 12 12 12 12 12 12 | 12 12 12 11 12 15 15 15 15 15 15 15 15 12 11 02 I 11 02 11 11 11 11 02 02 02 02 02 12 15 11 12 15 | 15 15 15 15 11 11 11 11 11 11 11 11 11 11 11 11 
I 12 12 12 12 11 04 04 12 12 12 12 12 12 12 12 12 | 12 12 11 12 15 15 15 15 15 15 15 15 12 11 11 02 I 02 12 12 11 11 11 02 02 02 02 02 12 15 14 12 15 | 15 15 15 12 11 11 11 11 11 11 11 11 11 11 11 11 
I 12 12 12 12 11 04 04 12 12 12 12 12 12 12 12 11 | 12 12 12 15 14 14 15 15 15 15 15 15 11 02 02 11 I 12 12 12 12 12 11 11 02 02 11 12 12 15 14 12 15 | 15 15 15 12 11 11 11 11 11 11 11 11 11 11 11 11 
=======================================================================================================================================================================================================
I 12 12 12 12 04 04 04 12 12 12 12 12 12 12 11 11 | 11 12 15 14 14 15 15 15 15 15 15 12 11 02 11 12 I 15 15 12 12 12 11 11 02 12 15 15 15 15 12 12 15 | 15 15 15 11 11 11 11 11 11 11 11 11 11 11 11 11 
I 12 12 12 12 04 04 04 12 12 12 12 12 12 11 02 12 | 15 15 15 15 14 15 15 15 15 15 12 11 02 02 12 12 I 12 14 02 12 12 12 02 11 15 14 12 15 15 12 11 15 | 15 15 12 11 11 11 11 11 11 11 11 11 11 11 11 11 
I 12 12 12 12 04 04 04 12 12 12 12 12 12 11 11 15 | 14 15 15 14 14 15 15 15 15 15 11 02 02 12 11 12 I 12 11 11 11 12 12 02 11 11 11 12 15 15 14 11 15 | 15 15 12 11 11 11 11 11 11 11 11 11 11 11 11 02 
I 12 12 12 12 11 04 04 12 12 12 12 12 11 14 15 15 | 14 15 15 14 14 14 15 15 15 12 11 02 12 12 11 11 I 11 11 11 11 12 12 11 02 11 12 12 12 15 12 11 15 | 15 15 11 11 11 11 11 11 11 11 11 11 11 02 02 02 
I 12 12 12 12 04 04 04 12 12 12 12 11 14 15 15 14 | 14 15 15 14 14 14 15 15 15 11 02 12 12 12 11 11 I 11 11 11 11 11 12 11 02 11 11 12 12 15 12 11 15 | 15 12 11 11 11 11 11 11 11 11 11 11 02 02 04 02 
I 12 12 15 12 11 04 04 12 12 12 12 14 14 14 09 14 | 15 15 15 15 15 12 12 15 12 02 14 15 12 12 11 11 I 11 11 11 11 11 12 11 02 11 11 12 12 15 15 11 15 | 15 12 11 11 11 11 11 11 11 11 11 02 04 02 02 02 
I 12 12 15 12 11 04 04 12 12 12 11 14 14 14 14 14 | 14 15 15 15 12 11 12 15 11 11 15 12 12 12 11 11 I 11 11 11 11 12 12 11 02 11 11 12 15 15 15 11 15 | 15 12 11 11 11 11 11 11 11 11 04 02 02 02 02 02 
I 12 12 15 12 11 04 04 12 12 12 11 14 14 14 14 14 | 14 15 15 12 12 12 15 12 11 15 15 12 12 12 12 11 I 11 11 11 12 12 12 11 02 11 11 12 15 15 15 11 12 | 15 11 11 11 11 11 11 11 11 11 02 04 02 02 02 02 
I 12 12 15 12 11 04 04 12 12 12 12 14 14 14 14 14 | 14 15 15 15 14 15 14 02 14 15 15 12 12 12 12 11 I 11 11 11 12 12 12 12 11 11 12 12 15 12 15 11 12 | 12 11 11 11 11 11 11 11 11 04 02 02 02 02 02 02 
I 12 12 12 12 11 04 04 12 12 12 12 15 14 14 14 14 | 14 15 12 15 14 11 12 11 15 15 15 12 12 12 12 11 I 11 11 11 11 12 11 11 11 11 12 15 15 12 15 12 12 | 12 11 11 11 11 11 11 11 11 04 02 02 02 02 02 02 
I 12 12 12 12 11 04 04 04 12 12 12 14 14 15 15 14 | 14 14 15 15 11 11 12 15 15 15 15 12 12 12 12 12 I 12 11 11 11 11 02 02 11 11 12 15 15 12 15 12 11 | 12 11 11 11 11 11 11 11 11 04 02 02 02 02 02 02 
I 15 12 12 12 11 04 04 12 12 12 12 15 15 15 14 14 | 14 14 14 11 11 12 14 15 15 15 15 12 12 12 12 12 I 12 12 12 12 12 12 11 12 12 15 15 15 12 15 15 11 | 12 11 11 11 11 11 11 11 11 02 02 02 02 02 02 02 
I 15 15 12 12 11 04 04 11 12 12 12 15 15 15 14 14 | 14 14 11 11 11 12 15 15 15 15 15 12 12 12 12 12 I 11 12 12 12 11 11 11 11 12 15 15 15 12 15 15 11 | 11 11 11 11 11 11 11 11 11 02 02 02 02 02 02 02 
I 15 15 12 12 11 04 04 11 12 12 12 14 15 14 14 14 | 14 14 14 11 11 15 15 15 15 15 15 15 12 12 12 12 I 12 12 12 12 12 12 11 12 15 15 15 15 12 12 15 11 | 11 11 11 11 11 11 11 11 11 02 02 02 02 02 02 02 
I 15 15 12 12 11 04 04 12 12 12 14 15 15 15 14 14 | 14 14 14 11 15 15 15 15 15 15 15 15 15 12 12 12 I 12 11 11 11 11 11 11 12 15 15 15 15 12 12 15 11 | 11 11 11 11 11 11 11 12 11 02 02 02 02 02 02 02 
I 15 15 12 12 11 04 04 12 12 12 15 15 15 15 14 14 | 14 14 11 14 15 15 15 15 15 15 15 15 15 15 12 12 I 12 12 11 11 11 11 12 15 15 15 15 12 12 12 12 11 | 11 11 11 11 11 11 11 14 11 02 02 02 02 02 02 04 
-------------------------------------------------------------------------------------------------------------------------------------------------------------------------------------------------------
I 15 15 15 12 11 04 04 12 12 14 15 15 15 15 14 14 | 14 14 14 14 09 15 15 15 15 15 15 15 15 12 12 12 I 12 12 11 11 11 11 11 14 15 15 15 12 12 12 12 11 | 12 12 11 11 11 11 11 14 02 02 02 02 02 04 15 15 
I 12 15 15 12 11 04 11 11 12 14 15 15 15 15 14 14 | 14 14 14 14 14 15 15 15 15 15 15 15 15 15 12 12 I 12 12 11 11 11 11 02 02 11 14 15 12 12 12 12 11 | 12 12 12 12 12 12 12 12 02 02 02 02 11 15 15 12 
I 14 12 12 15 11 04 04 11 12 15 15 14 14 14 15 14 | 14 14 14 14 14 14 15 15 15 15 15 15 15 15 12 12 I 12 12 12 12 11 11 02 02 02 02 14 15 12 12 12 11 | 11 11 11 12 12 12 12 12 02 02 02 04 15 12 12 12 
I 14 14 12 15 11 04 04 11 11 15 15 15 15 15 15 09 | 15 14 14 14 14 14 15 15 15 15 15 15 12 15 12 12 I 12 12 12 11 11 11 11 02 02 02 02 11 15 15 12 11 | 11 11 11 11 11 12 12 12 02 02 02 12 12 12 12 12 
I 14 14 14 15 11 04 04 11 12 15 15 15 15 14 15 15 | 14 14 14 14 14 14 14 15 15 15 15 15 12 12 12 12 I 12 12 12 11 11 11 11 11 02 02 02 02 14 15 12 11 | 11 11 11 11 11 11 12 04 02 02 04 12 12 12 12 12 
I 15 14 14 15 12 04 04 04 12 15 15 15 15 14 15 15 | 15 14 14 14 14 14 14 15 15 15 15 15 12 12 12 12 I 12 12 12 11 11 11 11 11 02 02 02 02 02 15 12 11 | 11 11 11 11 11 12 04 02 02 02 12 12 12 12 12 12 
I 15 14 11 15 12 04 04 04 12 15 15 15 14 15 15 15 | 15 14 14 14 14 14 14 15 15 15 15 12 12 12 12 12 I 12 12 12 12 11 11 11 11 02 02 02 02 02 15 12 11 | 11 11 11 11 12 11 02 02 02 04 12 12 12 12 12 12 
I 15 14 11 15 12 04 04 11 12 15 15 15 15 15 15 15 | 15 15 14 14 14 14 14 14 12 15 15 12 12 12 12 12 I 12 12 12 12 11 11 11 11 02 02 02 02 02 14 12 11 | 11 11 11 11 12 04 02 02 02 12 12 12 12 12 12 12 
I 15 14 11 12 12 04 04 11 12 15 15 15 15 15 15 15 | 15 15 14 14 14 14 15 15 15 15 12 12 12 12 12 12 I 12 12 12 12 12 11 11 11 11 02 02 02 02 02 12 11 | 11 11 11 11 12 04 04 02 04 12 12 12 12 12 12 12 
I 15 14 11 12 12 04 04 04 12 15 15 15 15 15 15 15 | 15 14 14 15 14 14 15 15 15 15 12 12 12 12 12 12 I 12 12 12 12 12 11 11 11 11 02 02 02 02 02 12 12 | 12 11 11 11 11 12 04 02 04 12 12 12 12 12 12 12 
I 15 14 02 12 12 04 04 04 12 15 15 15 15 15 15 15 | 15 14 14 14 14 15 15 15 15 12 12 12 12 12 12 12 I 12 12 12 12 12 12 11 11 11 11 02 02 02 02 11 12 | 12 12 12 12 11 04 04 02 12 12 12 12 12 12 12 15 
I 15 14 02 14 12 04 04 04 12 15 15 15 15 15 15 15 | 15 15 14 14 14 15 15 15 15 12 12 12 12 12 12 12 I 12 12 12 12 12 12 11 11 11 11 02 02 02 02 11 12 | 12 12 15 15 12 04 02 04 15 12 12 12 12 12 12 15 
I 12 14 02 14 12 04 04 11 12 15 15 15 15 15 15 15 | 15 15 15 14 14 15 15 15 12 12 12 12 12 12 12 12 I 12 12 12 12 12 12 12 11 11 11 02 02 02 02 02 12 | 12 12 12 15 12 02 04 12 15 12 12 12 12 12 12 15 
I 15 14 10 14 12 04 04 11 15 15 15 15 15 15 14 14 | 15 15 15 14 14 15 15 15 12 12 12 12 12 12 12 12 I 12 12 11 12 12 12 12 11 11 11 11 02 02 02 02 12 | 12 12 12 12 12 12 12 12 12 12 12 12 12 12 15 15 
I 15 14 02 11 12 04 04 11 15 15 15 15 15 15 15 14 | 14 15 15 14 14 15 15 12 12 12 12 12 12 12 12 12 I 12 12 12 11 12 12 12 11 11 11 11 02 02 02 02 11 | 12 12 12 12 12 12 12 12 12 12 12 12 14 12 15 15 
I 15 15 02 02 12 04 04 11 15 15 15 15 15 14 15 14 | 14 14 15 15 14 15 12 12 12 12 12 12 12 12 12 12 I 12 12 12 12 11 11 11 11 11 11 11 11 02 02 02 02 | 12 12 12 12 12 12 12 12 12 12 12 11 12 15 15 12 
