=======================================================================================================================================================================================================
I 06 06 06 06 06 05 05 07 10 09 09 09 09 08 08 08 | 07 07 08 07 07 07 07 07 07 07 07 08 07 07 07 07 I 07 08 08 08 08 08 08 09 08 06 06 06 06 06 06 06 | 06 06 05 02 04 09 08 08 08 08 08 08 08 08 08 07 
I 06 06 06 06 06 05 06 08 10 09 09 09 09 08 08 08 | 08 08 07 08 07 07 07 07 07 07 07 08 08 08 07 07 I 07 08 08 08 08 08 08 09 09 07 06 06 06 06 06 06 | 06 06 06 03 03 07 09 08 08 08 08 08 08 07 09 12 
I 06 06 06 06 06 06 06 08 10 09 09 09 09 09 08 08 | 08 08 07 07 08 07 07 07 07 07 07 07 08 08 07 07 I 07 08 08 08 08 08 08 08 09 08 06 06 06 06 06 06 | 06 06 07 05 02 04 09 08 08 08 08 08 07 10 12 12 
I 06 06 06 06 06 06 06 08 10 09 09 09 09 09 08 08 | 08 08 08 08 08 07 08 07 07 08 08 08 08 08 08 07 I 07 08 08 08 08 08 08 08 09 08 06 06 06 06 06 06 | 06 06 06 07 04 02 06 09 08 08 08 07 10 12 12 12 
I 06 06 06 05 06 06 06 08 10 09 09 09 09 09 08 08 | 08 08 08 08 08 08 07 07 07 08 08 08 08 08 08 07 I 07 08 08 08 08 08 08 08 09 08 07 06 06 06 06 06 | 06 06 06 07 06 02 03 08 09 08 07 10 13 12 12 12 
I 06 06 06 06 06 06 06 08 10 09 09 09 09 09 08 08 | 08 08 08 08 08 08 08 08 08 08 08 07 07 07 08 08 I 08 08 07 08 08 08 08 08 09 08 07 06 06 06 06 06 | 06 06 07 07 07 04 02 05 09 08 10 13 12 11 12 12 
I 06 05 06 07 06 06 06 08 10 09 09 09 09 08 08 08 | 08 08 08 08 08 08 07 07 07 06 06 05 04 05 05 05 I 07 08 08 07 08 08 08 08 09 08 07 07 06 06 06 06 | 06 07 07 07 07 06 03 02 07 10 13 12 12 12 12 12 
I 06 05 08 08 06 06 06 08 10 10 09 09 09 09 08 08 | 08 08 08 08 07 07 08 07 07 07 06 06 05 05 04 04 I 03 05 08 08 08 08 08 08 09 08 07 07 07 06 06 07 | 07 07 07 07 07 07 05 01 05 13 12 12 12 12 12 12 
I 05 06 10 08 06 06 06 08 10 10 09 09 09 09 08 08 | 08 08 08 08 08 08 08 07 07 07 07 06 05 05 04 04 I 04 03 04 07 09 08 08 09 09 08 07 06 07 07 06 07 | 07 07 07 07 07 07 06 04 10 13 12 12 12 12 12 13 
I 05 08 11 08 06 05 06 08 11 10 09 09 09 09 08 08 | 08 08 07 08 09 08 08 08 07 07 07 06 05 05 04 04 I 04 04 03 03 05 09 09 09 09 08 06 06 06 08 08 06 | 07 07 07 07 07 07 06 11 13 12 12 12 12 12 12 10 
I 07 10 10 08 06 05 06 08 10 10 09 09 09 09 08 08 | 08 08 08 09 08 08 08 08 07 07 07 07 05 04 04 04 I 04 03 03 03 01 05 10 09 09 08 06 06 06 08 10 07 | 06 07 07 07 07 06 09 13 12 12 12 12 12 11 10 06 
I 09 10 10 08 06 05 06 08 10 10 09 09 09 09 08 08 | 08 08 09 08 08 08 08 08 07 07 07 07 06 05 05 03 I 03 03 03 03 03 01 07 11 10 09 06 06 06 08 12 09 | 06 07 07 07 06 07 12 12 12 12 12 12 11 10 07 06 
I 10 10 10 08 06 05 06 08 10 10 09 09 09 09 08 08 | 08 08 09 08 08 08 08 07 07 07 07 07 06 05 03 03 I 03 03 03 03 03 02 02 07 11 09 06 06 06 08 12 11 | 07 06 07 07 06 11 13 12 12 12 12 12 11 07 06 06 
I 10 10 10 08 06 06 06 08 10 10 09 09 09 09 08 08 | 07 09 09 08 08 08 07 07 07 07 08 07 05 03 04 04 I 03 03 03 03 03 03 02 01 09 10 06 06 06 08 12 13 | 11 07 07 06 09 13 12 12 12 12 12 12 07 07 06 06 
I 10 10 10 08 06 06 06 08 10 10 09 09 09 09 09 08 | 07 09 08 08 08 07 07 07 07 08 07 04 04 04 04 03 I 03 03 03 03 03 03 03 02 04 10 07 06 06 08 12 13 | 09 03 02 03 12 12 12 12 12 12 12 08 06 06 06 06 
I 10 10 10 08 06 05 06 08 11 10 09 09 09 09 09 06 | 07 09 09 08 08 08 08 08 08 06 05 05 05 04 04 04 I 04 04 03 03 03 03 03 03 02 07 08 06 06 09 13 08 | 03 02 02 01 10 13 12 12 12 12 10 06 06 06 06 06 
-------------------------------------------------------------------------------------------------------------------------------------------------------------------------------------------------------
I 09 09 10 08 06 05 06 08 10 10 09 09 09 09 09 05 | 08 09 09 08 08 08 08 08 06 05 06 05 04 04 04 05 I 04 04 03 03 03 04 03 03 03 03 06 06 07 08 06 03 | 03 03 03 01 09 13 12 12 12 12 07 06 06 06 06 06 
I 09 09 09 08 06 05 05 08 10 10 09 09 09 09 09 05 | 08 09 09 09 08 08 08 06 06 07 05 05 05 05 05 05 I 04 04 04 04 04 04 03 03 04 03 04 06 05 03 03 03 | 03 03 02 02 10 12 12 12 12 09 06 06 06 06 06 06 
I 09 09 09 08 06 05 05 08 10 10 09 09 09 09 09 04 | 07 09 09 08 08 08 06 07 07 06 06 05 05 05 05 05 I 05 04 04 05 04 04 04 04 04 05 04 04 03 03 03 03 | 03 03 02 03 12 12 12 12 10 06 06 06 06 06 06 06 
I 09 09 10 08 06 05 05 08 10 10 09 09 09 09 09 04 | 06 08 09 09 08 07 07 07 06 06 06 06 05 05 05 05 I 05 05 05 05 04 04 04 05 05 04 04 03 03 03 03 03 | 03 06 03 06 13 12 12 12 08 06 06 06 06 06 06 06 
I 10 10 10 08 06 05 05 08 10 10 09 09 09 10 09 04 | 06 07 09 09 07 07 08 07 07 07 06 06 05 05 06 06 I 06 05 05 05 05 05 05 05 04 03 03 04 03 03 03 03 | 05 06 05 10 13 12 12 10 06 06 06 06 06 06 06 06 
I 09 09 09 08 06 05 05 07 11 10 09 09 09 10 08 04 | 06 06 08 08 07 08 07 07 07 07 06 07 08 07 07 07 I 06 06 06 07 07 06 05 04 03 04 04 03 03 03 02 03 | 08 08 05 12 12 12 12 07 06 06 06 06 06 06 06 06 
I 09 09 09 08 06 05 05 07 11 10 09 09 09 10 09 03 | 05 07 08 08 08 07 07 08 07 07 07 07 09 10 07 08 I 10 09 11 12 08 04 04 03 04 04 03 03 02 04 06 09 | 10 04 09 13 12 12 10 06 06 06 06 06 06 06 06 06 
I 09 09 09 08 06 05 05 07 10 10 09 09 09 09 10 04 | 05 07 07 09 07 07 08 07 07 07 08 09 10 11 09 10 I 10 11 12 08 05 04 04 04 04 04 03 04 06 09 10 08 | 04 09 13 12 12 12 08 06 06 06 06 06 06 06 06 06 
I 09 09 09 08 06 05 05 07 10 10 09 09 09 09 10 06 | 04 06 08 08 08 08 08 08 08 09 10 11 12 10 10 10 I 11 11 07 04 04 04 04 04 04 04 06 09 08 06 05 04 | 09 13 12 12 12 11 06 06 05 06 06 06 06 06 06 06 
I 09 09 09 08 06 05 05 07 11 10 09 09 09 09 09 08 | 04 05 08 08 08 08 07 08 10 10 11 11 11 11 11 10 I 10 08 04 04 04 05 05 04 04 05 10 09 08 06 05 10 | 13 12 12 12 12 09 07 05 06 06 06 06 06 06 06 06 
I 09 09 10 08 06 05 05 07 11 10 09 09 09 09 09 10 | 05 04 08 08 08 07 08 10 11 10 12 10 11 12 12 11 I 08 06 04 05 05 05 05 04 03 03 08 11 09 06 11 13 | 12 12 12 12 11 08 07 05 06 06 06 06 06 06 06 06 
I 09 09 10 08 06 05 05 07 11 10 09 09 09 09 08 09 | 05 05 09 08 08 08 10 11 12 11 11 11 10 13 12 08 I 06 04 04 05 05 05 04 03 03 03 06 12 10 06 12 12 | 12 11 12 12 10 07 06 06 06 06 06 06 06 06 06 06 
I 09 09 10 08 06 05 05 07 10 10 09 09 09 09 08 09 | 07 06 09 08 08 11 11 11 12 12 11 10 10 12 07 05 I 06 05 05 06 06 04 03 03 03 02 04 11 12 07 11 12 | 11 12 12 12 08 06 06 06 06 06 06 06 06 06 06 06 
I 09 09 10 09 06 05 05 07 10 10 09 09 09 09 08 08 | 08 07 08 07 10 11 12 11 11 12 11 11 11 08 06 04 I 05 05 05 05 05 04 03 03 03 02 03 09 13 08 10 12 | 11 12 12 11 07 06 06 06 06 06 07 07 06 06 06 06 
I 09 09 10 09 06 05 05 07 10 10 09 09 09 09 08 07 | 09 09 07 09 11 11 12 11 12 12 11 12 10 06 05 04 I 04 07 07 06 04 05 04 04 03 02 03 10 13 08 09 12 | 11 12 12 09 07 06 06 06 06 06 06 06 07 07 07 07 
I 09 09 10 09 06 05 05 07 10 10 09 09 09 09 08 06 | 09 10 09 11 10 10 12 11 12 12 11 11 06 04 04 05 I 08 08 09 10 08 05 04 04 03 07 09 10 13 09 09 12 | 11 12 12 08 06 06 06 06 06 06 06 06 06 06 07 07 
=======================================================================================================================================================================================================
I 09 09 10 09 06 05 05 07 10 10 09 09 10 07 07 06 | 07 11 11 10 09 11 11 12 11 12 13 08 05 03 06 11 I 12 11 11 10 08 07 05 03 08 11 11 11 12 10 08 12 | 12 12 11 07 06 06 06 06 06 06 06 06 06 06 07 07 
I 09 10 10 09 06 05 05 07 10 10 09 09 11 08 04 08 | 12 11 11 11 09 12 12 11 12 12 10 06 04 04 09 11 I 11 09 03 09 08 07 04 05 11 08 08 13 12 10 08 11 | 12 12 09 06 06 06 06 06 06 06 06 06 07 07 07 07 
I 09 09 10 09 06 05 05 07 10 09 08 10 09 07 07 11 | 10 11 11 09 08 11 13 12 12 12 07 04 05 08 07 07 I 08 07 05 06 08 07 03 05 07 07 10 12 12 10 07 11 | 12 12 08 06 06 06 06 06 06 06 07 07 07 07 05 04 
I 09 10 11 10 06 05 05 07 10 09 09 08 07 09 12 11 | 08 11 11 09 08 10 12 12 13 10 05 04 09 07 06 06 I 06 06 06 06 07 08 04 03 06 08 09 10 12 10 07 12 | 12 11 07 06 06 06 06 06 06 07 07 07 06 04 04 04 
I 10 10 11 10 06 05 05 07 10 09 08 07 08 10 11 08 | 09 12 11 09 10 09 12 13 11 07 04 10 09 07 06 05 I 05 05 05 06 07 08 05 03 05 07 07 10 12 11 07 12 | 13 10 06 06 06 06 06 06 07 07 07 06 04 04 04 04 
I 10 11 11 10 06 05 05 07 10 09 08 08 09 10 10 09 | 11 12 12 12 12 08 10 13 09 04 08 12 08 07 06 06 I 05 05 05 06 07 08 05 02 06 07 07 11 12 11 07 11 | 12 09 06 06 06 06 06 07 07 07 07 04 04 04 04 03 
I 10 11 12 10 06 05 05 07 10 09 07 09 09 10 10 08 | 10 12 12 11 10 07 10 12 06 05 13 11 08 07 07 06 I 05 05 05 07 07 08 06 02 06 07 08 11 11 12 07 11 | 12 07 06 06 06 06 07 07 07 07 05 04 04 03 03 03 
I 10 11 12 11 06 05 05 07 10 09 08 10 09 10 10 08 | 10 12 12 10 09 10 13 09 05 11 13 10 09 07 07 06 I 06 06 06 07 07 07 07 02 06 07 09 12 11 12 07 10 | 11 06 06 06 06 06 06 07 07 06 04 04 03 03 03 03 
I 10 11 11 10 06 05 05 07 10 09 09 10 10 10 10 09 | 08 12 11 12 10 13 10 04 09 13 12 10 09 08 07 06 I 06 06 06 07 08 09 08 04 06 07 11 12 11 12 08 09 | 10 06 06 06 06 06 07 07 07 05 04 04 03 03 03 03 
I 10 11 11 08 06 05 05 06 10 10 08 11 10 10 10 09 | 07 11 10 12 10 07 08 07 12 12 12 09 08 08 07 07 I 06 06 06 06 07 06 05 04 06 08 12 12 11 12 09 08 | 08 06 06 06 06 07 07 07 07 05 04 03 03 03 03 03 
I 11 11 11 08 06 05 05 06 10 09 08 10 10 11 11 10 | 09 07 11 11 06 06 09 11 12 11 12 09 08 08 07 07 I 07 06 06 06 06 04 03 04 06 10 12 11 10 12 10 07 | 07 06 06 06 06 07 07 07 07 04 03 03 03 03 03 03 
I 11 11 11 08 05 05 05 07 10 09 09 11 11 11 09 09 | 10 09 10 05 05 08 10 12 12 11 12 10 09 08 07 07 I 07 08 08 07 08 07 07 07 07 12 12 11 11 12 11 07 | 07 06 06 06 06 07 07 07 07 04 03 03 03 03 03 03 
I 12 11 11 08 05 05 05 06 09 09 08 11 12 11 08 09 | 09 10 07 05 07 09 12 12 12 11 11 11 10 08 08 07 I 06 07 08 08 07 05 06 07 10 12 12 11 11 11 11 06 | 06 06 06 06 07 07 07 07 06 03 03 03 03 03 03 03 
I 12 12 11 08 06 05 05 06 10 08 10 10 11 10 07 09 | 09 08 07 05 07 12 12 12 12 11 11 11 11 09 08 08 I 07 07 07 08 07 07 06 08 12 12 12 11 10 11 11 06 | 06 06 06 06 06 07 07 08 06 02 03 03 03 03 03 03 
I 12 12 10 08 06 05 05 06 10 09 10 11 12 11 08 07 | 08 09 09 06 11 12 12 12 12 12 12 12 11 10 09 08 I 07 07 06 06 06 06 06 11 12 12 12 11 10 11 11 06 | 06 06 06 06 06 07 07 08 06 02 03 03 03 03 03 03 
I 12 12 10 08 06 05 05 06 11 10 11 11 11 11 09 10 | 07 07 07 10 12 12 12 12 12 12 12 12 11 12 11 09 I 08 07 06 05 05 05 08 12 12 11 12 11 10 11 11 06 | 06 06 06 06 06 07 07 08 05 02 03 03 03 03 04 06 
-------------------------------------------------------------------------------------------------------------------------------------------------------------------------------------------------------
I 12 13 11 09 06 05 05 07 08 09 11 11 11 12 07 10 | 10 07 07 08 11 12 11 12 12 12 12 11 12 11 10 09 I 08 08 07 06 06 06 07 10 12 12 12 11 10 10 10 06 | 08 08 07 07 07 07 07 08 04 03 03 03 03 06 11 12 
I 10 12 12 10 06 05 05 06 09 10 12 11 11 11 10 08 | 09 08 09 08 07 11 11 12 12 12 12 12 12 11 08 07 I 07 07 07 06 07 05 03 03 06 10 13 11 10 11 10 07 | 08 08 08 09 09 08 08 08 04 03 03 03 07 12 12 10 
I 07 09 11 11 07 05 05 06 08 11 13 10 10 10 11 09 | 09 10 08 07 09 10 12 12 12 12 12 12 11 11 09 08 I 08 07 07 07 06 05 04 04 03 02 08 12 10 11 10 06 | 07 07 07 08 09 10 09 09 04 03 03 07 11 11 10 10 
I 07 06 09 11 07 05 05 05 07 12 12 11 11 11 11 10 | 11 10 08 07 09 08 11 12 11 12 11 11 10 11 09 08 I 07 07 07 07 06 05 05 04 04 03 02 06 12 11 10 06 | 07 07 07 07 07 08 08 08 03 03 04 11 10 09 09 10 
I 11 06 07 11 07 05 05 06 09 13 12 12 12 10 12 11 | 10 10 09 07 07 09 09 12 11 12 11 12 09 11 09 07 I 07 07 07 06 06 06 05 05 04 03 03 01 09 13 10 06 | 07 07 07 07 07 08 08 06 03 03 07 10 09 09 09 09 
I 12 06 06 12 07 05 05 06 09 12 12 13 11 10 12 11 | 11 09 10 08 08 10 09 12 11 12 12 12 09 11 09 07 I 07 07 07 07 06 06 05 05 04 03 03 02 04 13 09 06 | 07 07 07 07 07 08 05 03 03 04 09 10 09 09 10 09 
I 13 07 06 12 07 05 05 06 10 12 12 12 10 11 12 12 | 12 10 09 08 07 07 09 12 11 12 12 10 08 10 09 07 I 07 07 07 07 06 06 05 05 04 03 03 02 01 11 09 06 | 07 07 07 07 08 07 03 03 02 06 10 09 09 10 09 09 
I 13 07 05 11 07 05 05 06 10 12 12 12 11 11 12 12 | 11 11 10 07 09 10 10 10 10 12 12 09 08 10 08 07 I 07 07 07 07 07 06 06 05 04 04 03 03 01 08 09 06 | 07 07 07 07 08 06 03 03 03 08 09 09 09 09 09 10 
I 13 08 05 11 07 05 05 06 09 12 12 11 12 11 12 12 | 11 11 10 08 09 10 12 11 11 12 11 08 08 10 07 07 I 07 07 07 07 07 06 06 05 05 04 03 03 02 05 08 06 | 07 07 07 07 08 07 05 03 05 09 09 10 10 09 10 09 
I 13 09 05 10 08 05 05 06 09 12 12 12 12 11 12 12 | 12 10 10 11 10 08 11 12 12 12 10 08 09 10 07 07 I 07 07 07 07 07 06 06 06 05 04 03 03 02 02 08 10 | 09 07 07 07 06 08 06 02 06 10 10 10 09 10 09 10 
I 13 10 04 10 08 05 05 06 09 12 12 12 12 11 12 12 | 12 10 08 10 10 11 12 12 13 11 09 08 11 08 07 07 I 07 07 07 07 07 07 06 06 05 05 04 03 02 02 07 11 | 10 11 11 10 07 07 05 03 09 11 10 10 10 10 09 11 
I 11 09 04 09 08 05 05 06 10 12 12 12 12 11 11 12 | 12 12 10 07 09 12 12 13 12 09 08 11 10 07 07 07 I 07 07 07 07 07 07 06 06 06 05 04 03 03 02 05 10 | 09 10 11 13 08 04 03 06 11 11 10 09 10 09 10 12 
I 10 08 04 08 08 05 05 06 10 12 12 12 12 11 11 12 | 11 11 11 09 10 12 13 12 11 10 11 10 08 07 07 07 I 07 07 07 07 07 07 07 06 06 05 04 03 03 02 03 10 | 09 09 10 11 08 03 07 11 11 10 09 11 10 09 10 11 
I 11 09 05 08 08 05 04 06 11 12 12 11 12 11 10 10 | 11 11 11 08 10 13 12 12 11 11 09 08 08 07 07 07 I 07 07 07 07 07 07 07 06 06 05 05 04 03 02 02 08 | 10 09 09 09 08 07 11 11 10 09 11 11 08 09 11 11 
I 12 10 04 06 08 05 04 07 12 12 12 11 11 11 11 09 | 10 11 11 10 10 13 12 11 09 08 08 08 08 07 07 07 I 07 07 07 07 07 07 07 06 06 06 05 04 03 03 02 07 | 10 09 08 08 09 09 09 10 10 10 11 09 08 10 12 12 
I 12 11 03 05 08 05 04 07 12 12 11 11 11 10 11 10 | 10 10 11 11 10 11 11 09 08 08 08 08 08 07 07 07 I 07 07 07 07 06 06 06 06 06 06 05 05 04 03 02 05 | 10 09 08 08 08 08 09 10 10 10 10 07 09 12 12 10 
