=======================================================================================================================================================================================================
I 06 06 07 07 04 04 04 08 10 09 09 09 09 08 08 08 | 08 08 08 08 08 08 08 08 08 08 08 08 08 08 08 08 I 08 08 08 08 08 08 08 09 08 07 04 07 07 07 07 07 | 04 07 04 02 03 09 08 08 08 08 08 08 08 08 08 08 
I 07 07 07 07 04 04 04 08 10 09 09 09 09 08 08 08 | 08 08 08 08 08 08 08 08 08 08 08 08 08 08 08 08 I 08 08 08 08 08 08 08 08 08 07 06 04 04 04 07 07 | 07 07 04 03 02 08 09 08 08 08 08 08 08 08 10 13 
I 07 04 07 07 04 04 04 08 10 09 09 09 09 08 08 08 | 08 08 08 08 08 08 08 08 08 08 08 08 08 08 08 08 I 08 08 08 08 08 08 08 08 09 08 06 06 04 04 04 07 | 07 07 07 04 02 03 09 08 08 08 08 08 07 10 13 13 
I 07 04 04 04 04 04 04 08 10 09 09 09 09 08 08 08 | 08 08 08 08 08 08 08 08 08 08 08 08 08 08 08 08 I 08 08 08 08 08 08 08 08 09 08 07 06 06 04 04 07 | 07 07 07 07 03 02 04 09 08 08 08 07 10 13 13 13 
I 04 04 04 04 04 04 04 08 10 09 09 09 09 08 08 08 | 08 08 08 08 08 08 08 08 08 08 08 08 08 08 08 08 I 08 08 08 08 08 08 08 08 08 08 07 06 06 04 04 07 | 07 07 07 07 04 02 02 08 08 08 08 10 13 13 13 13 
I 04 04 04 07 04 04 04 08 10 09 09 09 09 08 08 08 | 08 08 08 08 08 08 08 08 08 08 08 08 07 08 08 08 I 08 08 08 08 08 08 08 08 08 08 07 07 06 07 07 07 | 07 07 07 07 07 03 02 03 09 08 10 13 13 12 13 13 
I 04 04 07 07 07 04 04 08 10 09 09 09 09 08 08 08 | 08 08 08 08 08 08 08 08 07 06 06 06 02 03 03 06 I 07 08 08 08 08 08 08 08 08 08 07 07 07 07 07 07 | 07 07 07 07 07 07 02 02 07 10 13 13 12 13 13 13 
I 04 04 08 08 04 04 04 08 10 10 09 09 09 08 08 08 | 08 08 08 08 08 07 08 08 08 06 06 06 06 03 03 02 I 02 06 08 08 08 08 08 08 09 08 07 07 07 07 07 07 | 07 07 07 07 07 08 04 01 03 13 13 12 13 13 13 13 
I 04 07 10 08 04 04 04 08 10 10 09 09 09 08 08 08 | 08 08 08 08 08 08 08 08 08 08 07 06 06 03 03 02 I 02 02 02 08 09 08 08 08 09 08 07 07 07 07 07 07 | 07 07 07 07 07 07 07 03 10 13 12 13 13 13 13 13 
I 04 08 10 08 04 04 04 08 10 10 09 09 09 09 08 08 | 08 08 08 08 08 08 08 08 08 08 08 06 06 03 02 02 I 02 02 02 02 06 09 09 09 09 08 07 07 07 08 08 07 | 07 07 07 07 07 07 07 10 13 13 13 13 13 12 13 10 
I 07 10 10 08 04 04 04 08 10 10 09 09 09 09 08 08 | 08 08 08 09 08 08 08 08 08 08 08 07 06 03 03 03 I 02 02 02 02 01 06 10 09 10 08 07 07 07 08 10 07 | 07 07 07 07 07 07 09 13 13 12 13 13 13 12 10 06 
I 09 10 10 08 04 04 04 08 10 10 09 09 09 09 08 08 | 08 08 08 08 08 08 08 08 08 07 07 07 06 06 03 02 I 02 02 02 02 02 01 08 10 10 08 07 07 07 08 13 09 | 07 07 07 07 07 08 13 13 12 13 13 13 12 10 07 07 
I 10 10 10 08 04 04 04 08 10 10 09 09 09 09 08 08 | 08 08 08 08 08 08 08 08 07 07 07 07 06 03 02 02 I 02 02 02 02 02 02 01 06 10 08 07 07 07 08 13 12 | 08 07 07 07 07 12 13 12 13 13 13 13 10 08 06 06 
I 10 10 10 08 04 04 04 08 10 10 09 09 09 09 08 08 | 08 09 08 08 08 08 08 07 07 07 08 08 03 02 02 02 I 02 02 02 02 02 02 02 01 11 10 07 07 07 08 12 13 | 10 07 07 07 10 13 12 12 13 13 13 12 08 07 06 06 
I 10 10 10 08 04 04 04 08 10 10 09 09 09 09 09 08 | 07 09 08 08 08 08 08 08 08 08 06 03 03 03 03 02 I 02 02 02 02 02 02 02 01 02 10 07 07 07 08 12 13 | 10 02 01 02 12 13 12 12 13 12 13 08 06 06 06 06 
I 10 10 10 08 04 04 04 08 10 10 09 09 09 09 09 07 | 07 09 08 08 08 08 08 08 08 06 03 06 03 03 02 02 I 02 02 02 02 02 02 02 02 01 08 08 06 07 08 13 08 | 02 02 01 01 10 13 12 13 13 13 10 06 06 06 06 06 
-------------------------------------------------------------------------------------------------------------------------------------------------------------------------------------------------------
I 09 09 10 08 04 04 04 08 10 10 09 09 09 08 09 04 | 08 09 08 08 08 08 08 08 06 06 06 06 03 03 03 03 I 03 02 02 02 02 02 02 02 02 02 06 07 07 08 06 02 | 02 02 02 01 10 13 13 13 13 13 07 06 06 06 06 06 
I 09 09 09 08 04 04 04 08 10 10 09 09 09 09 09 04 | 08 09 09 08 08 08 08 07 06 07 06 06 06 03 06 03 I 03 03 02 02 03 02 02 02 02 02 02 07 06 02 02 02 | 02 02 02 01 12 13 13 13 13 10 06 06 06 06 06 06 
I 09 09 09 08 04 04 04 08 10 10 09 09 09 09 09 03 | 08 09 08 08 08 08 07 07 07 06 06 06 06 06 06 03 I 06 03 03 03 02 02 02 02 02 03 02 02 02 02 02 02 | 02 02 01 02 13 13 13 13 10 06 06 06 06 06 06 06 
I 09 09 10 08 04 04 04 08 10 10 09 09 09 09 08 03 | 07 08 09 08 08 07 07 08 07 07 06 06 06 06 06 06 I 06 06 06 03 02 03 03 06 03 03 02 02 02 02 02 02 | 02 06 02 06 13 13 13 13 08 06 06 06 06 06 06 06 
I 10 10 10 08 04 04 04 08 10 10 09 09 09 09 08 03 | 07 07 09 08 07 08 08 07 07 07 06 06 06 06 06 06 I 06 06 06 06 06 06 06 03 03 02 02 02 02 02 02 02 | 03 06 03 10 13 13 13 10 06 06 06 06 06 06 06 06 
I 09 09 09 08 04 04 04 08 10 10 09 09 09 10 08 03 | 04 07 08 08 08 08 07 08 08 07 07 08 08 08 06 08 I 06 06 06 08 06 06 03 02 02 02 02 02 02 02 01 02 | 08 08 03 13 13 13 12 08 06 06 06 06 06 06 06 06 
I 09 09 09 08 04 04 04 08 10 10 09 09 09 09 09 03 | 04 07 08 08 08 07 08 08 08 07 08 08 08 10 06 08 I 10 10 12 13 08 03 02 02 02 02 02 02 02 02 06 10 | 10 03 11 13 13 13 10 06 06 06 06 06 06 06 06 06 
I 09 09 09 08 04 04 04 08 10 10 09 09 09 09 10 03 | 04 08 08 08 08 08 08 08 07 08 08 10 10 10 10 10 I 10 12 13 08 03 02 02 02 02 02 02 02 06 09 10 08 | 03 10 13 13 13 13 08 06 06 06 06 06 06 06 06 06 
I 09 09 09 08 04 04 04 08 10 10 09 09 09 09 10 06 | 03 04 08 08 08 08 08 08 08 08 10 12 13 10 10 10 I 12 12 08 03 02 03 03 03 02 02 06 10 08 06 06 03 | 10 13 12 13 13 10 07 06 06 06 06 06 06 06 06 06 
I 09 09 09 08 04 04 04 08 10 10 09 09 09 09 09 08 | 03 04 08 08 08 08 08 08 10 10 12 12 12 12 12 10 I 10 08 03 02 03 03 03 02 02 06 10 10 08 06 03 10 | 13 12 12 13 13 10 07 06 06 06 06 06 06 06 06 06 
I 09 09 10 08 04 04 04 07 10 10 09 09 09 09 08 10 | 03 03 08 08 08 08 08 10 12 10 12 10 12 13 12 12 I 11 06 02 03 03 03 03 02 02 02 08 10 11 06 10 13 | 12 12 13 13 12 08 06 06 06 06 06 06 06 06 06 06 
I 09 09 10 08 04 04 04 07 10 10 09 09 09 09 08 09 | 03 04 09 08 08 08 10 12 13 12 10 12 10 13 12 08 I 06 03 03 06 03 06 03 02 02 02 07 12 10 06 12 13 | 12 12 13 13 10 08 06 06 06 06 06 06 06 06 06 06 
I 09 09 10 08 04 04 04 07 10 10 09 09 09 08 08 09 | 07 07 09 08 08 10 12 12 13 12 12 10 10 13 08 03 I 06 03 03 06 06 03 02 02 02 02 03 10 13 06 12 13 | 12 12 13 13 08 06 06 06 06 06 06 06 06 06 06 06 
I 09 09 10 08 04 04 04 07 10 10 09 09 09 08 08 08 | 08 08 08 08 10 12 13 12 12 13 12 12 12 08 06 03 I 06 03 06 06 06 03 02 02 02 02 02 09 13 08 10 13 | 12 12 13 10 07 06 06 06 06 06 06 06 06 06 06 06 
I 09 09 10 08 06 04 04 07 10 10 09 09 09 08 08 08 | 09 10 07 10 12 12 12 12 13 12 12 12 10 06 06 03 I 02 08 08 06 03 06 03 02 02 02 02 10 13 08 10 12 | 12 13 13 10 07 06 06 06 06 06 06 06 06 06 06 07 
I 09 09 10 08 04 04 04 07 10 10 09 09 09 09 08 07 | 09 10 09 10 10 10 12 12 12 13 12 12 06 03 03 06 I 08 08 08 10 08 06 03 02 03 07 09 10 13 10 08 12 | 12 13 12 08 06 06 06 06 06 06 06 06 06 06 06 08 
=======================================================================================================================================================================================================
I 09 09 10 09 04 04 04 07 10 10 09 09 09 08 07 07 | 08 10 12 10 10 12 12 13 12 13 13 08 03 02 06 10 I 12 12 10 10 08 07 06 02 08 12 12 12 13 10 08 12 | 12 13 12 08 06 06 06 06 06 06 06 06 06 06 06 08 
I 09 10 10 09 04 04 04 07 10 10 09 09 10 08 03 08 | 12 12 12 10 10 13 12 12 13 13 10 06 02 03 09 12 I 10 10 02 09 08 07 03 03 12 08 08 13 13 10 08 12 | 13 13 10 06 06 06 06 06 06 06 06 06 06 08 08 06 
I 09 09 10 09 04 04 03 07 10 09 08 10 10 06 08 12 | 10 12 12 10 08 12 13 13 13 13 08 02 03 08 07 08 I 08 07 06 06 08 08 02 03 08 07 10 12 13 10 08 12 | 13 12 08 06 06 06 06 06 06 06 07 08 08 06 06 03 
I 09 10 10 10 04 03 03 07 10 09 09 08 06 10 13 12 | 08 12 12 10 08 10 13 13 13 10 03 03 09 08 06 06 I 06 07 06 06 07 08 03 02 06 08 08 10 13 10 06 12 | 13 12 08 06 06 06 06 06 06 07 08 08 06 03 03 03 
I 10 10 10 10 04 04 03 07 10 09 08 08 11 10 12 11 | 10 13 12 10 10 10 13 13 12 07 02 10 08 07 07 06 I 06 06 06 06 07 08 06 02 06 07 07 10 13 10 06 12 | 13 10 07 06 06 06 06 06 06 08 08 06 03 03 03 03 
I 10 10 12 10 04 04 04 07 10 10 08 08 10 10 12 10 | 12 13 13 12 13 08 10 13 10 02 11 12 08 07 07 06 I 06 06 06 07 07 08 06 02 06 07 08 10 12 12 06 12 | 13 09 06 06 06 06 06 06 06 08 06 03 03 03 03 02 
I 10 10 12 10 04 04 04 07 10 08 08 10 10 10 10 08 | 10 13 13 12 10 08 10 13 06 06 13 10 08 07 07 06 I 06 06 06 07 08 08 06 02 06 07 08 12 12 12 06 12 | 13 08 06 06 06 06 06 07 08 08 03 03 03 02 02 02 
I 10 10 13 10 07 06 04 07 10 08 08 10 10 10 10 11 | 10 13 13 10 09 10 13 09 06 12 13 10 08 08 07 07 I 07 06 06 08 08 08 07 02 06 07 08 13 12 13 08 10 | 12 07 06 06 06 06 06 06 08 06 03 03 02 02 02 02 
I 10 10 12 10 06 06 04 07 10 09 08 10 10 10 10 11 | 11 12 12 13 10 13 10 02 11 13 12 10 08 08 07 07 I 07 06 06 07 08 09 08 03 06 07 10 13 10 13 08 10 | 10 06 06 06 06 06 07 05 08 03 03 03 02 02 02 02 
I 10 10 10 08 06 04 03 07 10 10 08 10 10 10 10 10 | 08 12 10 13 10 08 08 08 13 13 12 09 08 08 07 07 I 07 06 06 07 07 07 06 03 07 08 13 13 10 13 10 08 | 08 06 06 06 06 06 06 08 08 03 03 02 02 02 02 02 
I 10 10 12 08 06 04 03 07 10 09 08 10 10 12 12 10 | 10 08 12 12 06 06 09 12 13 12 12 10 08 08 07 07 I 07 07 07 07 06 02 02 03 07 10 13 12 10 13 10 08 | 08 06 06 06 06 06 06 08 05 03 02 02 02 02 02 02 
I 12 12 12 08 06 06 03 07 10 08 08 12 12 12 10 10 | 10 11 10 06 03 08 10 13 12 12 12 10 09 08 08 07 I 07 08 08 08 08 07 07 08 08 13 13 12 10 12 12 08 | 07 06 06 06 06 06 05 08 05 03 02 02 02 02 02 02 
I 12 12 10 08 06 04 03 06 08 08 08 12 12 12 11 10 | 10 10 08 06 06 09 13 13 13 12 12 10 10 08 08 07 I 07 08 08 08 07 06 07 07 10 13 13 12 10 12 12 07 | 07 06 06 06 06 06 06 08 05 02 02 02 02 02 02 02 
I 12 12 10 08 06 04 03 07 10 08 10 10 12 10 08 10 | 10 08 08 06 05 12 13 13 13 12 12 12 10 09 08 08 I 07 07 07 08 07 07 07 08 13 13 13 12 10 12 12 06 | 07 06 06 06 06 06 06 08 06 02 02 02 02 02 02 02 
I 13 13 10 08 07 04 03 07 10 08 10 12 12 12 11 08 | 11 10 10 06 10 13 12 13 13 12 12 12 12 10 09 08 I 07 07 07 07 06 06 06 10 13 12 12 12 10 10 12 06 | 06 06 06 06 06 06 05 08 06 02 02 02 02 02 02 02 
I 13 13 10 08 07 04 03 07 10 10 12 12 12 12 10 10 | 08 08 08 10 13 13 12 12 13 13 12 12 12 12 12 09 I 08 07 07 06 06 06 08 13 12 12 13 10 10 10 10 06 | 06 06 06 06 06 05 05 08 03 02 02 02 02 02 03 04 
-------------------------------------------------------------------------------------------------------------------------------------------------------------------------------------------------------
I 13 13 12 08 06 04 04 07 08 10 12 12 12 13 08 10 | 10 08 06 08 12 13 12 12 13 13 13 12 12 10 10 09 I 08 08 07 06 06 06 06 10 13 13 13 10 10 10 10 06 | 08 08 08 08 06 06 08 08 03 02 02 02 02 05 12 13 
I 10 13 12 10 07 06 06 06 10 10 13 12 12 12 10 11 | 11 11 10 08 08 12 12 12 13 13 13 12 12 12 08 08 I 08 07 07 07 07 06 02 02 06 10 13 10 10 10 10 07 | 08 08 08 09 09 08 08 09 03 02 02 02 05 12 12 10 
I 06 11 12 12 07 06 06 07 08 12 13 10 10 10 12 10 | 10 10 08 06 10 10 12 12 12 13 12 12 12 12 09 08 I 08 07 07 07 07 06 03 02 02 02 08 12 10 10 10 06 | 07 08 08 08 09 10 09 10 03 02 02 05 12 10 10 10 
I 08 06 11 12 07 04 04 06 08 13 13 12 10 12 12 12 | 12 10 08 06 10 08 12 12 12 13 12 12 10 12 09 08 I 08 07 07 07 06 06 03 03 03 02 01 06 13 12 10 06 | 06 05 08 08 08 08 08 08 02 02 03 10 10 10 09 10 
I 10 06 06 12 07 03 04 04 10 13 12 13 13 10 13 12 | 10 10 10 08 08 10 10 13 12 13 12 13 09 10 09 08 I 07 07 07 07 07 06 06 03 03 02 02 01 11 13 10 06 | 05 05 05 08 08 08 08 04 02 02 05 10 10 09 10 10 
I 13 06 06 12 07 03 04 04 10 13 12 13 12 10 13 12 | 12 10 10 08 08 10 11 13 12 13 12 12 09 10 09 07 I 07 07 07 07 07 06 06 03 03 02 02 01 02 13 10 06 | 05 05 08 08 08 08 04 03 02 03 09 10 09 10 10 09 
I 13 06 06 12 07 03 04 04 10 13 13 13 10 12 13 13 | 13 10 10 08 06 06 10 13 12 12 13 10 08 10 09 07 I 07 07 07 07 07 06 06 06 03 02 02 02 01 12 10 06 | 05 05 08 08 08 05 02 02 02 04 10 09 09 10 09 10 
I 13 08 03 12 07 03 04 06 10 13 13 12 12 12 13 13 | 12 12 10 06 11 10 10 10 10 12 12 09 08 10 08 07 I 07 07 07 07 07 07 06 06 03 02 02 02 01 08 09 06 | 05 05 08 08 08 04 02 02 03 08 09 09 09 10 10 10 
I 13 11 03 10 08 03 04 06 10 13 12 12 13 12 12 13 | 12 12 10 08 10 10 13 12 12 13 10 08 08 10 08 07 I 07 07 07 07 07 07 06 06 03 02 02 02 01 03 08 06 | 05 05 05 08 08 05 03 02 04 08 09 10 10 10 10 10 
I 13 11 03 10 08 04 04 04 10 13 12 13 12 12 12 13 | 12 10 10 12 10 08 12 13 13 13 10 08 10 10 07 07 I 07 07 07 07 07 07 07 06 06 03 02 02 02 02 08 10 | 09 08 05 05 06 08 04 02 04 09 10 10 10 10 10 10 
I 13 10 02 10 08 04 03 04 10 13 13 12 12 12 12 13 | 13 10 08 10 10 12 13 13 13 12 08 08 12 08 07 07 I 07 07 07 07 07 07 07 06 06 03 02 02 02 01 08 10 | 10 10 10 10 05 05 03 02 09 10 10 10 10 10 10 12 
I 12 11 02 11 08 04 03 07 10 13 13 13 13 12 12 13 | 13 13 10 06 10 13 13 13 13 09 08 10 10 07 07 07 I 07 07 07 07 07 07 07 07 06 06 03 02 02 01 06 10 | 09 10 12 13 09 03 03 04 12 10 10 10 10 10 10 12 
I 10 08 02 08 08 04 03 07 10 13 13 13 13 12 12 13 | 12 12 12 11 10 13 13 13 10 09 10 10 08 08 07 07 I 07 07 07 07 07 07 07 07 06 06 03 02 02 02 02 10 | 09 10 10 12 08 03 05 12 12 10 10 10 10 08 10 12 
I 12 11 03 08 08 04 03 04 12 13 12 12 13 12 10 10 | 12 12 12 11 10 13 13 13 12 10 09 08 08 08 07 07 I 07 07 07 07 07 07 07 07 06 06 03 02 02 02 01 09 | 10 10 10 10 08 05 10 10 10 10 10 10 08 10 12 12 
I 13 10 02 06 08 04 03 07 12 13 12 12 12 12 12 10 | 12 12 12 10 10 13 13 10 09 08 08 08 08 08 07 07 I 07 07 07 07 07 07 07 07 07 06 06 03 02 02 01 06 | 10 09 08 08 09 10 09 10 10 10 10 10 08 10 12 12 
I 13 12 02 03 08 04 03 08 13 13 12 12 12 10 12 10 | 10 10 12 12 10 12 10 09 08 08 08 08 08 08 07 07 I 07 07 07 07 07 07 07 07 07 06 06 03 02 02 02 03 | 10 10 08 08 08 08 09 10 10 10 10 08 10 13 12 10 
