=======================================================================================================================================================================================================
I 11 11 11 11 11 11 11 02 12 12 12 12 12 12 12 02 | 02 02 02 02 02 02 02 02 02 02 02 02 02 02 02 02 I 02 02 02 02 02 02 12 12 12 11 11 11 11 11 02 11 | 11 11 11 11 11 12 12 12 12 12 12 12 12 12 12 02 
I 11 11 11 11 11 11 11 02 12 12 12 12 12 12 12 02 | 02 02 02 02 02 02 02 02 02 02 02 02 02 02 02 02 I 02 02 02 02 02 02 12 12 12 02 11 11 11 11 11 11 | 11 11 11 11 11 02 12 12 12 12 12 12 12 02 12 12 
I 11 11 11 11 11 11 11 02 12 12 12 12 12 12 12 02 | 02 02 02 02 02 02 02 02 02 02 02 02 02 02 02 02 I 02 02 02 02 02 02 12 12 12 12 11 11 11 11 11 11 | 11 11 02 11 11 11 12 12 12 12 12 12 02 12 12 12 
I 11 11 11 11 11 11 11 02 12 12 12 12 12 12 12 02 | 02 02 02 02 02 02 02 02 02 02 02 02 02 02 02 02 I 02 02 02 02 02 02 12 12 12 12 11 11 11 11 11 11 | 11 11 11 02 11 11 11 12 12 12 12 02 12 12 12 12 
I 11 11 11 11 11 11 11 02 12 12 12 12 12 12 12 12 | 02 02 02 02 02 02 02 02 02 02 02 02 02 12 02 02 I 02 02 02 02 02 02 02 12 12 12 11 11 11 11 11 11 | 11 11 11 02 11 11 11 12 12 12 02 12 12 12 12 12 
I 11 11 11 11 11 11 11 02 12 12 12 12 12 12 12 12 | 02 02 02 02 02 02 02 02 02 02 02 02 11 02 12 12 I 12 02 02 02 02 02 02 12 12 12 02 11 11 11 11 11 | 11 11 02 02 02 11 13 11 12 12 12 12 12 12 12 12 
I 11 11 02 02 11 11 11 02 12 12 12 12 12 12 02 02 | 02 02 02 02 02 02 02 02 11 11 11 11 11 11 11 11 I 11 12 02 02 02 02 12 12 12 12 02 11 11 11 11 11 | 02 02 02 02 02 02 11 11 11 12 12 12 12 12 12 12 
I 11 11 02 02 11 11 11 02 12 12 12 12 12 12 12 02 | 02 02 02 02 02 11 12 14 11 11 11 11 11 11 11 11 I 11 11 12 12 02 12 12 12 12 12 02 02 11 11 11 02 | 02 02 02 02 02 02 11 13 11 12 12 12 12 12 12 12 
I 11 02 12 12 11 11 11 02 12 12 12 12 12 12 12 12 | 12 02 02 02 12 12 12 12 12 11 11 11 11 11 11 11 I 11 11 11 12 12 12 12 12 12 12 02 11 02 02 11 02 | 02 02 02 02 02 02 11 11 12 12 12 12 12 12 12 12 
I 11 02 12 02 11 11 11 02 12 12 12 12 12 12 12 12 | 12 02 02 12 12 12 12 12 12 11 11 11 11 11 11 11 I 11 11 11 13 11 12 12 12 12 12 11 11 11 02 02 11 | 02 02 02 02 02 02 11 12 15 12 12 12 12 12 12 12 
I 02 12 12 02 11 11 11 02 12 12 12 12 12 12 12 12 | 12 02 02 12 12 12 12 12 12 02 11 11 11 11 11 11 I 11 11 13 11 13 11 12 12 12 12 02 11 11 12 12 02 | 02 02 02 02 02 11 12 15 12 12 12 12 12 12 12 11 
I 12 12 12 12 11 11 11 02 12 12 12 12 12 12 12 12 | 12 02 12 12 12 12 12 12 02 11 11 11 11 11 11 11 I 13 11 11 11 11 13 14 12 12 12 11 11 11 12 12 12 | 11 02 02 02 11 02 12 12 12 12 12 12 12 12 11 11 
I 12 12 12 12 11 11 11 02 12 12 12 12 12 12 12 12 | 02 12 12 12 12 12 12 02 11 11 11 11 11 11 11 11 I 11 11 11 11 11 13 13 11 12 12 02 11 11 02 12 12 | 02 02 02 02 11 12 12 12 12 12 12 12 12 11 11 11 
I 12 12 12 12 11 11 11 02 12 12 12 12 12 12 12 12 | 02 12 12 12 12 12 02 11 11 11 12 11 11 11 11 11 I 11 11 11 11 11 11 13 13 12 12 02 11 11 12 12 12 | 12 02 11 02 12 12 12 12 12 12 12 12 14 11 11 11 
I 12 12 12 12 11 11 11 02 12 12 12 12 12 12 12 12 | 11 12 12 12 12 02 02 02 02 12 11 11 11 11 11 11 I 11 11 11 11 11 11 11 13 11 12 02 11 11 02 12 15 | 14 11 13 11 12 12 12 12 12 12 12 12 11 11 11 11 
I 12 12 12 12 11 11 11 02 12 12 12 12 12 12 12 11 | 02 12 12 12 12 12 12 02 12 11 11 11 11 11 11 11 I 11 11 11 11 11 11 11 11 13 14 02 11 11 12 12 14 | 11 13 13 13 14 12 12 12 12 12 12 11 11 11 11 11 
-------------------------------------------------------------------------------------------------------------------------------------------------------------------------------------------------------
I 12 12 12 12 11 11 11 02 12 12 12 12 12 12 12 11 | 02 12 12 12 12 12 12 12 11 11 11 11 11 11 11 11 I 11 11 11 11 11 11 11 11 11 13 11 02 02 12 11 11 | 11 11 11 13 14 12 12 12 12 12 11 11 11 11 11 11 
I 12 12 12 02 11 11 11 02 12 12 12 12 12 12 12 11 | 02 12 12 12 12 12 12 11 11 11 11 11 11 11 11 11 I 11 11 11 11 11 11 11 11 11 11 11 02 11 11 11 11 | 11 11 13 13 12 12 12 12 12 12 11 11 11 11 11 11 
I 12 12 12 02 11 11 11 02 12 12 12 12 12 12 12 11 | 02 12 12 12 12 12 11 11 11 11 11 11 11 11 11 11 I 11 11 11 11 11 11 11 11 11 11 11 11 11 11 11 11 | 11 11 13 11 12 12 12 12 12 11 11 11 11 11 11 11 
I 12 12 12 12 11 11 11 02 12 12 12 12 12 12 12 11 | 02 02 12 12 12 02 11 12 11 11 11 11 11 11 11 11 I 11 11 11 11 11 11 11 11 11 11 11 11 11 11 11 11 | 11 11 11 11 12 12 12 12 12 11 11 11 11 11 11 11 
I 12 12 12 02 11 11 11 02 12 12 12 12 12 12 12 11 | 11 02 12 12 02 02 12 11 11 11 11 11 11 11 11 11 I 11 11 11 11 11 11 11 11 11 11 11 11 11 11 11 11 | 11 11 11 12 12 12 12 12 11 11 11 11 11 11 11 11 
I 12 12 12 02 11 11 11 02 12 12 12 12 12 12 12 11 | 11 02 02 12 02 12 11 02 12 11 11 11 14 14 11 11 I 11 11 11 11 11 11 11 11 11 11 11 11 11 11 13 11 | 12 12 11 12 12 12 12 12 11 11 11 11 11 11 11 11 
I 12 12 12 02 11 11 11 02 12 12 12 12 12 12 12 11 | 11 02 02 12 12 02 02 12 02 11 11 14 12 12 11 14 I 14 14 12 12 14 11 11 11 11 11 11 11 11 11 11 12 | 12 11 14 12 12 12 12 11 11 11 11 11 11 11 11 11 
I 12 12 12 02 11 11 11 02 12 12 12 12 12 12 12 11 | 11 02 02 12 02 12 12 12 02 12 12 14 12 12 14 14 I 14 12 12 14 11 11 11 11 11 11 11 11 11 12 12 12 | 11 12 12 12 12 12 12 11 11 11 11 11 11 11 11 11 
I 12 12 12 02 11 11 11 02 12 12 12 12 12 12 12 11 | 11 11 12 12 12 12 12 12 12 12 12 12 12 12 12 14 I 12 14 14 11 11 11 11 11 11 11 11 12 14 11 11 11 | 12 12 12 12 12 12 11 11 11 11 11 11 11 11 11 11 
I 12 12 12 02 11 11 11 02 12 12 12 12 12 12 12 12 | 11 11 12 12 12 12 12 12 12 12 12 12 12 12 12 14 I 14 14 11 11 11 11 11 11 11 11 12 14 14 11 11 12 | 12 12 12 12 12 12 11 11 11 11 11 11 11 11 11 11 
I 12 12 12 12 11 11 11 02 12 12 12 12 12 12 12 12 | 11 11 12 12 12 12 12 12 12 12 12 12 12 12 12 12 I 14 11 11 11 11 11 11 11 11 11 12 12 14 11 12 15 | 12 12 12 12 12 14 11 11 11 11 11 11 11 11 11 11 
I 12 12 12 12 11 11 11 02 12 12 12 12 12 12 12 12 | 11 11 12 12 12 12 12 12 12 12 12 12 14 12 12 12 I 11 11 11 11 11 11 11 11 11 11 11 12 12 11 12 12 | 12 12 12 12 12 11 11 11 11 11 11 11 11 11 11 11 
I 12 12 12 12 11 11 11 02 12 12 12 12 12 12 12 12 | 11 11 12 02 12 12 12 12 12 12 12 14 14 12 12 11 I 11 11 11 11 11 11 11 11 11 11 11 12 12 11 12 12 | 12 12 12 12 12 11 11 11 11 11 11 11 11 11 11 11 
I 12 12 12 12 11 11 11 02 12 12 12 12 12 12 12 12 | 02 02 12 11 12 12 12 12 12 12 12 12 12 12 11 11 I 11 11 11 11 11 11 11 11 11 11 11 12 12 14 12 12 | 12 12 12 12 11 11 11 11 11 11 11 11 11 11 11 11 
I 12 12 12 12 11 11 11 02 12 12 12 12 12 12 12 02 | 12 12 11 12 12 12 12 12 12 12 12 12 12 11 11 11 I 11 12 02 11 11 11 11 11 11 11 11 12 15 14 12 12 | 12 12 12 12 11 11 11 11 11 11 11 11 11 11 11 11 
I 12 12 12 12 11 11 11 02 12 12 12 12 12 12 12 11 | 12 12 12 12 12 14 12 12 12 12 12 12 11 11 11 11 I 02 12 12 12 12 11 11 11 11 11 12 12 12 12 12 12 | 12 12 12 12 11 11 11 11 11 11 11 11 11 11 11 14 
=======================================================================================================================================================================================================
I 12 12 12 12 11 11 11 02 12 12 12 12 12 12 11 11 | 02 12 12 14 14 12 12 12 12 12 12 12 11 11 11 12 I 12 12 12 12 02 02 11 11 12 12 12 12 12 12 12 12 | 12 12 12 11 11 11 11 11 11 11 11 11 11 11 11 14 
I 12 12 12 12 11 11 11 02 12 12 12 12 12 12 11 12 | 12 12 12 12 14 12 12 12 12 12 12 11 11 11 12 12 I 12 14 11 12 12 02 11 11 12 14 12 12 12 12 14 12 | 12 12 12 11 11 11 11 11 11 11 11 11 11 14 14 11 
I 12 12 12 12 11 11 11 02 12 12 12 12 12 11 14 12 | 14 12 12 14 14 12 12 12 12 12 14 11 11 12 02 02 I 12 11 11 11 02 02 11 11 12 11 12 12 12 12 14 12 | 12 12 12 11 11 11 11 11 11 11 11 11 14 11 11 11 
I 12 12 12 12 11 11 11 02 12 12 12 12 11 14 12 12 | 14 12 12 14 14 12 12 12 12 12 11 11 12 02 11 11 I 11 11 11 11 02 02 11 11 11 02 12 12 12 12 11 12 | 12 12 11 11 11 11 11 11 11 11 11 14 11 11 11 11 
I 12 12 12 12 11 11 11 02 12 12 12 10 14 12 12 14 | 14 12 12 14 14 12 12 12 12 11 11 12 12 02 11 11 I 11 11 11 11 11 02 11 11 11 11 02 12 12 12 11 12 | 12 12 11 11 11 11 11 11 11 11 14 11 11 11 11 11 
I 12 12 12 12 11 11 11 02 12 12 12 14 14 12 14 14 | 12 12 12 12 12 12 12 15 12 11 14 12 02 02 11 11 I 11 11 11 11 02 02 11 11 11 11 02 12 12 12 11 12 | 12 12 11 11 11 11 11 11 11 14 11 11 11 11 11 11 
I 12 12 12 12 11 11 11 02 12 12 14 14 14 14 14 14 | 14 12 12 12 12 14 12 12 11 11 12 12 12 02 02 11 I 11 11 11 02 02 02 11 11 11 11 02 12 12 12 11 12 | 12 12 11 11 11 11 11 11 11 14 11 11 11 11 11 11 
I 12 12 12 12 11 11 11 02 12 12 12 12 14 14 14 14 | 14 12 12 12 12 12 12 12 11 12 12 12 12 02 02 11 I 11 11 11 02 02 02 02 11 11 02 12 12 12 12 14 12 | 12 11 11 11 11 11 11 11 14 11 11 11 11 11 11 11 
I 12 12 12 12 11 11 11 02 12 12 12 12 14 14 14 14 | 14 12 12 12 12 12 12 11 14 15 12 12 01 02 02 11 I 11 11 11 02 02 12 02 11 11 02 12 12 12 12 14 12 | 12 11 11 11 11 11 11 11 14 11 11 11 11 11 11 11 
I 12 12 12 12 11 11 11 02 12 12 12 12 14 12 14 14 | 14 12 12 12 12 14 12 14 12 12 12 12 01 02 02 02 I 11 11 11 11 02 11 11 11 11 12 12 12 12 12 12 12 | 12 11 11 11 11 11 11 11 11 11 11 11 11 11 11 11 
I 12 12 12 12 11 11 11 02 12 12 12 14 14 12 12 14 | 14 14 12 12 11 11 12 12 12 12 12 12 12 02 02 02 I 02 11 11 11 11 11 11 11 11 12 12 12 12 12 12 14 | 02 11 11 11 11 11 11 14 11 11 11 11 11 11 11 11 
I 12 12 12 12 11 11 11 02 12 12 12 12 12 12 14 14 | 14 14 12 11 11 12 12 12 12 12 12 12 12 02 02 02 I 02 02 02 02 02 02 11 02 12 12 12 12 12 12 12 11 | 02 11 11 11 11 11 11 14 11 11 11 11 11 11 11 11 
I 12 12 12 12 11 11 11 11 12 12 12 12 12 12 14 14 | 14 14 14 11 11 12 12 12 12 12 12 12 12 02 02 02 I 11 02 01 01 11 11 11 11 12 12 12 12 12 12 12 11 | 11 11 11 11 11 11 11 14 11 11 11 11 11 11 11 11 
I 12 12 12 12 11 11 11 11 12 12 12 14 12 14 14 14 | 14 14 14 11 11 12 12 12 12 12 12 12 12 12 12 02 I 02 02 02 02 02 02 11 12 12 12 12 12 12 12 12 11 | 11 11 11 11 11 11 11 14 11 11 11 11 11 11 11 11 
I 12 12 12 12 11 11 11 02 12 12 12 12 12 12 14 14 | 14 14 14 11 12 12 12 12 12 12 12 12 12 12 12 02 I 02 02 11 11 11 11 11 12 12 12 12 12 12 12 12 11 | 11 11 11 11 11 11 11 14 11 11 11 11 11 11 11 11 
I 12 12 12 12 11 11 11 02 12 12 12 12 12 12 14 14 | 14 14 14 12 12 12 12 12 12 12 12 12 12 12 12 12 I 12 02 11 11 11 11 12 12 12 12 12 12 12 12 12 11 | 11 11 11 11 11 11 14 14 11 11 11 11 11 11 11 11 
-------------------------------------------------------------------------------------------------------------------------------------------------------------------------------------------------------
I 12 12 12 12 11 11 11 02 12 14 12 12 12 12 14 14 | 14 14 14 14 12 12 12 12 12 12 12 12 12 12 12 12 I 12 12 11 11 11 11 11 12 12 12 12 12 12 12 12 11 | 12 12 14 14 11 11 14 14 11 11 11 11 11 11 12 12 
I 12 12 12 12 11 11 11 11 12 12 12 12 12 12 14 14 | 14 14 14 14 14 12 12 12 12 12 12 12 12 12 12 02 I 02 02 11 11 11 11 11 11 11 12 15 12 12 12 12 11 | 12 12 12 12 12 12 12 12 11 11 11 11 11 12 12 12 
I 14 12 12 12 02 11 11 11 12 12 15 12 12 14 12 14 | 14 14 14 14 14 14 12 12 12 12 12 12 12 12 12 02 I 02 02 02 02 11 11 11 11 11 11 14 12 12 12 12 11 | 11 11 14 12 12 12 12 12 11 11 11 11 12 12 12 12 
I 14 11 12 12 11 11 11 11 14 12 12 12 12 12 12 12 | 12 14 14 14 14 14 12 12 12 12 12 12 12 12 12 02 I 02 02 02 11 11 11 11 11 11 11 13 11 12 12 12 11 | 11 11 11 14 14 14 12 02 11 11 11 12 12 12 12 12 
I 12 11 14 12 11 11 11 11 12 12 12 12 12 12 12 12 | 14 14 14 14 14 14 14 12 12 12 12 12 12 12 12 02 I 02 02 02 11 11 11 11 11 11 11 11 13 14 12 12 11 | 11 11 11 11 14 14 02 11 11 11 02 12 12 12 12 12 
I 12 11 11 12 02 11 11 11 12 12 12 12 12 12 12 12 | 12 14 14 14 14 14 14 12 12 12 12 12 12 12 12 02 I 02 02 02 11 11 11 11 11 11 11 11 13 11 15 12 11 | 11 11 11 14 14 12 11 11 11 11 12 12 12 12 12 12 
I 12 14 11 12 02 11 11 11 12 12 12 12 14 12 12 12 | 12 14 14 14 14 14 14 12 12 12 12 12 02 12 12 02 I 02 02 02 02 11 11 11 11 11 11 11 11 13 12 12 11 | 11 11 11 14 12 11 11 11 11 11 12 12 12 12 12 12 
I 15 14 11 12 02 11 11 11 12 12 12 12 12 12 12 12 | 12 12 14 14 14 14 12 12 12 12 12 12 02 12 12 02 I 02 02 02 02 02 11 11 11 11 11 11 11 13 14 12 11 | 11 11 14 14 12 11 11 11 11 02 12 12 12 12 12 12 
I 15 14 11 12 02 11 11 11 12 12 12 12 12 12 12 12 | 12 12 14 14 14 14 12 12 12 12 12 12 12 12 02 02 I 02 02 02 02 02 11 11 11 11 11 11 11 13 11 12 11 | 11 11 11 14 12 02 11 11 11 12 12 12 12 12 12 12 
I 15 14 11 12 02 11 11 11 12 12 12 12 12 12 12 12 | 12 14 14 12 14 14 12 12 12 12 12 02 12 12 02 02 I 02 02 02 02 02 11 11 11 11 11 11 11 11 11 12 12 | 12 14 11 11 11 02 11 11 11 12 12 12 12 12 12 12 
I 15 14 11 12 02 11 11 11 12 12 12 12 12 12 12 12 | 12 14 14 14 12 12 12 12 12 12 12 02 12 12 02 02 I 02 02 02 02 02 02 11 11 11 11 11 11 11 13 14 12 | 12 12 12 12 02 02 11 11 12 12 12 12 12 12 12 12 
I 12 14 11 12 02 11 11 11 12 12 12 12 12 12 12 12 | 12 12 14 14 14 12 12 12 12 12 02 12 12 02 02 02 I 02 02 02 02 02 02 11 11 11 11 11 11 11 13 11 12 | 12 12 12 15 12 11 11 11 12 12 12 12 12 12 12 12 
I 12 14 11 14 12 11 11 11 12 12 12 12 12 12 12 12 | 12 12 12 14 14 12 12 12 12 12 12 12 02 02 02 02 I 02 02 02 02 02 02 02 11 11 11 11 11 11 13 11 12 | 12 12 12 12 12 11 02 12 12 12 12 12 12 12 12 12 
I 12 14 11 14 12 11 11 11 12 12 12 12 12 12 12 14 | 12 12 12 14 12 12 12 12 12 12 12 02 02 02 02 02 I 02 02 02 02 02 02 02 11 11 11 11 11 11 11 13 12 | 12 12 12 12 12 02 12 12 12 12 12 12 12 12 12 12 
I 12 12 11 11 12 11 11 11 12 12 12 12 12 12 12 14 | 12 12 12 14 14 12 12 12 12 02 02 02 02 02 02 02 I 02 02 02 02 02 02 02 11 11 11 11 11 11 11 13 11 | 12 12 12 12 12 12 12 12 12 12 12 12 14 12 12 12 
I 12 12 11 11 02 11 11 11 12 12 12 12 12 14 12 14 | 14 12 12 12 14 12 12 12 12 02 02 02 02 02 02 02 I 02 02 02 02 02 11 11 11 11 11 11 11 11 11 13 11 | 12 12 12 12 12 02 12 12 12 12 12 14 12 12 12 12 
