=======================================================================================================================================================================================================
I 01 01 01 01 01 02 01 05 15 15 05 05 05 05 05 05 | 05 05 05 05 05 05 05 05 05 05 05 05 05 05 05 05 I 05 05 05 05 05 05 05 05 05 01 01 01 01 01 01 01 | 01 01 02 03 02 15 05 05 05 05 05 05 05 05 05 05 
I 01 01 01 01 01 01 01 05 15 15 05 15 15 05 05 05 | 05 05 05 05 05 05 05 05 05 05 05 05 05 05 05 05 I 05 05 05 05 05 05 05 05 05 05 01 01 01 01 01 01 | 01 01 01 10 03 05 15 05 05 05 05 05 05 05 15 15 
I 01 01 01 01 01 01 01 05 15 15 05 15 15 05 05 05 | 05 05 05 05 05 05 05 05 05 05 05 05 05 05 05 05 I 05 05 05 05 05 05 05 05 15 05 01 01 01 01 01 01 | 01 01 05 02 03 02 05 05 05 05 05 05 05 15 15 15 
I 01 01 01 01 01 01 01 05 15 15 05 15 05 05 05 05 | 05 05 05 05 05 05 05 05 05 05 05 05 05 05 05 05 I 05 05 05 05 05 05 05 05 05 05 01 01 01 01 01 01 | 01 01 01 05 02 03 01 15 05 05 05 05 15 15 15 15 
I 01 01 01 01 01 01 01 05 15 15 05 15 15 05 05 05 | 05 05 05 05 05 05 05 05 05 05 05 05 05 05 05 05 I 05 05 05 05 05 05 05 05 05 05 05 01 01 01 01 01 | 01 01 01 05 01 03 03 05 05 05 05 15 15 15 15 15 
I 01 01 01 01 01 01 01 05 15 15 05 15 15 05 05 05 | 05 05 05 05 05 05 05 05 05 05 05 05 05 05 05 05 I 05 05 05 05 05 05 05 05 05 05 05 01 01 01 01 01 | 01 01 01 05 05 02 03 02 15 05 15 15 15 15 15 15 
I 01 01 01 05 01 01 01 05 15 15 05 15 05 05 05 05 | 05 05 05 05 05 05 05 05 14 14 14 04 03 03 03 04 I 14 05 05 05 05 05 05 05 05 05 05 05 01 01 01 01 | 01 05 05 05 05 01 03 03 01 15 15 15 15 15 15 15 
I 01 01 05 05 01 01 01 05 15 15 15 15 05 05 05 05 | 05 05 05 05 05 05 05 14 14 14 04 04 04 04 03 03 I 03 04 05 05 05 05 05 05 05 05 05 05 05 01 01 05 | 05 05 05 05 05 05 02 13 02 15 15 15 15 15 15 15 
I 02 01 15 05 01 01 01 05 15 15 15 15 15 05 05 05 | 05 05 05 05 05 05 05 14 14 14 14 04 04 02 03 03 I 03 03 03 14 15 05 05 05 15 05 05 01 05 05 05 05 | 05 05 05 05 05 05 01 02 15 15 15 15 15 15 15 15 
I 01 05 15 05 01 01 01 05 15 15 15 15 15 05 05 05 | 05 05 05 05 05 05 05 05 05 05 14 14 04 02 03 03 I 03 03 03 03 04 15 05 05 15 05 05 01 05 05 05 05 | 05 05 05 05 05 05 01 15 15 15 15 15 15 15 15 15 
I 05 15 15 05 01 01 01 05 15 15 15 15 15 05 05 05 | 05 05 05 05 05 05 05 05 05 05 05 01 04 03 03 03 I 03 03 03 03 13 04 15 15 15 05 05 01 01 05 15 05 | 05 05 05 05 05 01 15 15 15 15 15 15 15 15 15 01 
I 05 15 15 05 01 01 01 05 15 15 15 15 15 05 05 05 | 05 05 05 05 05 05 05 05 05 05 05 05 04 04 04 03 I 03 03 03 03 03 13 14 15 15 05 05 01 01 05 15 15 | 05 05 05 05 01 05 15 15 15 15 15 15 15 15 14 01 
I 15 15 15 05 01 01 01 05 15 15 15 15 15 05 05 05 | 05 05 05 05 05 05 05 05 05 05 05 05 04 04 03 03 I 03 03 03 03 03 03 13 14 15 05 05 01 01 05 15 15 | 05 05 05 05 01 15 15 15 15 15 15 15 15 14 01 04 
I 15 15 15 05 01 01 01 05 15 15 15 15 15 05 05 05 | 05 05 05 05 05 05 05 05 05 05 05 14 04 03 03 03 I 03 03 03 03 03 03 13 13 14 15 05 01 01 05 15 15 | 15 05 05 05 15 15 15 15 15 15 15 15 14 14 04 04 
I 15 15 15 05 01 01 01 05 15 15 15 15 15 05 05 05 | 01 15 05 05 05 05 05 05 05 05 14 03 03 03 03 03 I 03 03 03 03 03 03 03 13 03 15 05 01 01 05 15 15 | 15 03 13 03 15 15 15 15 15 15 15 14 04 04 04 04 
I 15 15 15 05 01 01 01 05 15 15 15 15 15 05 05 01 | 05 15 05 05 05 05 05 05 05 04 04 04 04 02 03 03 I 03 03 03 03 03 03 03 03 13 14 05 01 01 05 15 14 | 03 13 13 13 15 15 15 15 15 15 15 04 04 04 04 04 
-------------------------------------------------------------------------------------------------------------------------------------------------------------------------------------------------------
I 15 15 15 05 01 01 01 05 15 15 15 05 05 05 05 04 | 05 15 05 05 05 05 05 05 01 04 04 04 04 03 03 04 I 03 03 03 03 03 03 03 03 03 13 01 01 05 14 14 03 | 03 03 03 13 15 15 15 15 15 15 14 04 04 04 04 04 
I 15 15 15 05 01 01 01 05 15 15 15 15 15 05 05 02 | 05 15 05 05 05 05 05 05 01 05 04 04 04 04 04 04 I 03 03 03 03 03 03 03 03 03 03 03 01 04 03 03 03 | 03 03 13 13 15 15 15 15 15 15 04 04 04 04 04 01 
I 15 15 15 05 01 02 01 05 15 15 15 15 15 05 05 02 | 05 05 05 05 05 05 05 05 05 04 04 04 04 04 04 04 I 04 04 03 04 03 03 03 03 03 04 03 03 03 03 03 03 | 03 03 13 03 15 15 15 15 15 04 04 04 04 04 04 04 
I 15 15 15 05 01 02 01 05 15 15 15 15 15 15 05 02 | 01 05 05 05 05 05 05 05 01 01 04 04 04 04 04 04 I 04 04 04 04 03 03 04 04 04 03 03 03 03 03 03 03 | 03 04 03 14 15 15 15 15 14 04 04 04 04 04 04 04 
I 15 15 15 05 01 02 01 05 15 15 15 15 15 15 05 02 | 01 05 05 05 05 05 05 05 05 05 04 04 04 04 04 04 I 04 04 04 04 04 04 04 04 03 03 03 03 03 03 03 03 | 04 14 04 15 15 15 15 15 04 04 04 04 04 04 04 04 
I 15 15 15 05 01 02 01 05 15 15 15 15 15 15 05 10 | 01 01 05 05 05 05 05 05 05 05 05 14 14 14 14 14 I 04 04 04 14 14 04 02 03 03 03 03 03 03 03 13 03 | 14 14 03 15 15 15 15 14 04 04 04 04 04 04 04 04 
I 15 15 05 05 01 02 01 05 15 15 15 15 15 15 05 10 | 02 05 05 05 05 05 05 05 05 05 14 14 14 15 14 14 I 15 15 15 15 14 03 03 03 03 03 03 03 03 03 14 15 | 15 04 15 15 15 15 15 04 04 04 04 04 04 04 04 01 
I 15 15 05 05 01 02 01 05 15 15 15 15 15 15 15 02 | 02 05 05 05 05 05 05 05 05 05 14 15 15 15 15 15 I 15 15 15 14 04 03 03 03 03 03 03 03 04 15 15 05 | 02 15 15 15 15 15 14 04 04 04 04 04 04 04 04 04 
I 05 15 15 05 01 02 01 05 15 15 15 15 15 15 15 01 | 10 01 05 05 05 05 05 05 05 14 15 15 15 15 15 15 I 15 15 14 02 03 03 03 03 03 03 14 15 14 01 04 02 | 15 15 15 15 15 15 05 04 04 04 04 04 04 04 04 04 
I 05 15 15 05 01 02 01 05 15 15 15 15 15 05 15 05 | 10 02 05 05 05 05 05 05 15 15 15 15 15 15 15 15 I 15 14 03 03 03 03 04 03 03 04 15 15 14 04 02 15 | 15 15 15 15 15 15 14 04 04 04 04 04 04 04 04 04 
I 05 15 15 05 01 02 02 05 15 15 15 15 15 05 05 15 | 02 02 05 05 05 05 14 15 15 15 15 15 15 15 15 15 I 14 14 03 04 04 04 04 03 03 03 05 15 14 04 15 15 | 15 15 15 15 15 14 14 04 04 04 04 04 04 04 04 04 
I 15 15 15 05 01 02 02 05 15 15 15 15 15 05 05 15 | 02 02 05 05 05 05 15 15 15 15 15 15 15 15 15 14 I 14 03 03 04 04 04 03 03 03 03 01 15 15 14 15 15 | 15 15 15 15 15 14 14 04 04 04 04 04 04 04 04 04 
I 15 15 15 05 01 02 02 05 15 15 15 15 15 05 05 05 | 05 01 05 05 05 15 15 15 15 15 15 15 15 15 14 04 I 14 03 04 04 04 04 03 03 03 03 04 15 15 14 15 15 | 15 15 15 15 14 04 04 14 14 04 04 04 04 04 04 04 
I 15 15 15 05 01 02 02 05 15 15 15 05 15 05 05 05 | 05 05 05 14 15 15 15 15 15 15 15 15 15 14 04 02 I 04 04 04 04 04 04 03 03 03 03 03 15 15 14 15 15 | 15 15 15 15 14 04 04 04 04 04 14 14 14 14 04 01 
I 15 15 15 05 01 02 02 05 15 15 15 15 15 05 05 05 | 05 15 05 15 15 15 15 15 15 15 15 15 15 04 04 03 I 03 05 05 04 04 04 03 03 03 03 03 15 15 14 15 15 | 15 15 15 15 14 04 04 04 04 04 04 14 14 14 14 14 
I 15 15 15 05 01 02 02 05 15 15 15 15 15 05 05 01 | 15 15 15 15 15 15 15 15 15 15 15 15 04 02 03 04 I 05 05 05 15 05 04 04 03 03 05 15 15 15 15 14 15 | 15 15 15 14 01 04 04 04 04 04 04 04 04 14 14 14 
=======================================================================================================================================================================================================
I 15 15 15 05 01 02 02 05 15 15 15 15 15 05 01 01 | 05 15 15 15 15 15 15 15 15 15 15 14 02 03 14 15 I 15 15 15 15 05 05 04 03 14 15 15 15 15 15 14 15 | 15 15 15 14 01 04 01 01 04 01 01 04 14 14 14 14 
I 15 15 15 15 01 02 02 05 15 15 15 05 15 14 02 05 | 15 15 15 15 15 15 15 15 15 15 15 04 03 03 15 15 I 15 15 03 15 05 05 03 04 15 14 14 15 15 15 14 15 | 15 15 15 01 04 01 01 01 01 01 01 14 14 14 14 14 
I 15 15 15 15 01 02 02 05 15 15 05 15 15 14 14 15 | 15 15 15 15 14 15 15 15 15 15 14 03 04 05 05 05 I 05 14 04 04 05 05 03 04 05 14 15 15 15 15 14 15 | 15 15 14 04 04 01 01 04 01 01 14 14 14 14 02 02 
I 15 15 15 15 01 02 02 05 15 15 05 05 14 15 15 15 | 14 15 15 15 14 15 15 15 15 15 04 03 15 05 04 04 I 01 05 04 04 05 05 04 03 04 05 05 15 15 15 14 15 | 15 15 14 04 04 01 01 01 14 14 14 14 04 02 02 02 
I 15 15 15 15 01 02 02 05 15 15 05 14 14 15 15 14 | 15 15 15 15 15 15 15 15 15 05 03 15 05 05 05 04 I 04 04 04 04 05 05 04 03 04 05 05 15 15 15 14 15 | 15 15 01 04 04 04 04 14 14 14 14 04 10 02 02 02 
I 15 15 15 15 01 02 02 05 15 15 05 14 15 15 15 14 | 15 15 15 15 15 14 15 15 15 03 14 15 05 05 05 04 I 04 04 04 01 05 05 04 03 04 05 05 15 15 15 14 15 | 15 14 04 04 04 14 14 14 14 14 14 02 02 02 03 03 
I 15 15 15 15 01 02 02 05 15 14 14 15 15 15 15 14 | 15 15 15 15 15 14 15 15 01 14 15 15 05 05 05 01 I 04 04 04 05 05 05 04 03 04 05 05 15 15 15 14 15 | 15 05 04 01 01 14 14 14 14 14 02 02 02 03 03 03 
I 15 15 15 15 01 02 02 05 15 14 14 15 15 15 15 14 | 15 15 15 15 14 15 15 14 04 15 15 15 05 05 05 05 I 01 04 04 05 05 05 05 03 04 05 05 15 15 15 14 15 | 15 01 04 01 01 14 14 14 14 01 10 02 03 03 03 03 
I 15 15 15 15 01 02 02 05 15 15 14 15 15 15 15 14 | 14 15 15 15 15 15 15 03 14 15 15 15 05 05 05 05 I 05 01 01 05 05 05 05 04 01 05 15 15 15 15 14 15 | 15 01 04 01 14 14 14 14 14 02 10 10 03 03 03 03 
I 15 15 15 05 01 02 02 01 15 15 14 15 15 15 15 14 | 14 15 15 15 15 14 14 14 15 15 15 15 05 05 05 05 I 05 01 04 01 05 05 04 04 05 05 15 15 15 15 15 14 | 05 01 04 01 14 14 14 14 14 02 10 03 03 03 03 03 
I 15 15 15 05 01 02 02 01 15 15 14 15 15 15 15 15 | 15 14 15 15 14 04 14 15 15 15 15 15 05 05 05 05 I 05 05 01 01 01 03 03 04 05 15 15 15 15 15 15 14 | 05 01 04 14 14 14 14 14 14 02 03 03 03 03 03 03 
I 15 15 15 14 04 02 02 05 15 14 14 15 15 15 15 15 | 15 14 15 04 04 14 15 15 15 15 15 15 05 05 05 05 I 05 05 05 05 05 05 05 05 05 15 15 15 15 15 15 14 | 05 01 01 14 14 14 14 14 01 10 03 03 03 03 03 03 
I 15 15 15 14 01 02 02 01 15 15 14 15 15 15 14 15 | 15 15 14 04 14 14 15 15 15 15 15 15 15 05 05 05 I 05 05 05 05 05 04 05 05 15 15 15 15 15 15 15 01 | 01 01 01 14 14 14 14 14 01 03 03 03 03 03 03 03 
I 15 15 15 05 01 02 02 01 15 14 15 15 15 15 14 15 | 15 14 14 04 01 15 15 15 15 15 15 15 15 05 05 05 I 05 05 05 05 05 05 05 05 15 15 15 15 15 15 15 04 | 01 04 04 01 14 14 14 14 01 03 03 03 03 03 03 03 
I 15 15 15 05 01 02 02 01 15 15 15 15 15 15 14 14 | 14 14 15 04 15 15 15 15 15 15 15 15 15 15 05 05 I 05 05 05 01 04 04 01 15 15 15 15 15 15 15 15 04 | 01 04 14 14 14 14 14 14 14 03 03 03 03 03 03 03 
I 15 15 15 05 01 02 02 01 15 15 15 15 15 15 15 15 | 14 14 14 15 15 15 15 15 15 15 15 15 15 15 15 15 I 05 05 05 04 04 04 05 15 15 15 15 15 15 15 15 04 | 01 14 14 14 14 14 14 14 02 03 03 03 03 03 02 01 
-------------------------------------------------------------------------------------------------------------------------------------------------------------------------------------------------------
I 15 15 15 05 01 02 02 05 14 15 15 15 15 15 14 15 | 15 14 14 14 15 15 15 15 15 15 15 15 15 15 15 15 I 05 05 05 04 04 04 14 15 15 15 15 15 15 15 15 14 | 14 14 14 14 14 14 14 14 02 03 03 03 03 01 15 15 
I 15 15 15 15 01 02 02 04 15 15 15 15 15 15 15 14 | 14 14 15 14 14 15 15 15 15 15 15 15 15 15 05 05 I 05 05 05 05 05 04 03 03 14 15 15 15 15 15 15 14 | 14 14 14 15 14 14 14 14 02 10 03 03 01 15 15 15 
I 14 14 15 15 05 02 02 01 14 15 15 15 15 15 15 15 | 15 15 14 14 15 15 15 15 15 15 15 15 15 15 05 05 I 05 05 05 05 01 04 03 03 03 03 14 15 15 15 15 01 | 14 14 14 14 14 15 14 15 02 03 03 01 15 15 15 15 
I 14 14 15 15 05 02 02 04 14 15 15 15 15 15 15 15 | 15 15 14 14 15 14 15 15 15 15 15 15 15 15 05 05 I 05 05 05 05 01 04 02 02 03 03 13 14 15 15 15 01 | 14 14 14 14 14 14 05 05 03 03 02 15 15 15 15 15 
I 15 14 14 15 05 02 02 01 15 15 15 15 15 15 15 15 | 15 15 15 14 14 15 15 15 15 15 15 15 15 15 15 05 I 05 05 05 05 01 04 04 02 03 03 03 13 15 15 15 01 | 14 14 14 14 14 14 05 01 03 03 01 15 15 15 15 15 
I 15 14 14 15 05 02 02 01 15 15 15 15 15 15 15 15 | 15 15 15 14 14 15 14 15 15 15 15 15 05 15 15 05 I 05 05 05 05 01 01 04 02 02 03 03 13 03 15 15 01 | 14 14 14 14 14 14 02 10 03 10 15 15 05 15 15 15 
I 15 14 14 15 05 02 02 01 15 15 15 15 15 15 15 15 | 15 15 15 14 14 14 15 15 15 15 15 15 05 15 05 05 I 05 05 05 05 05 01 04 04 02 03 03 03 13 15 15 01 | 14 14 14 14 14 01 03 03 03 01 15 15 05 15 15 15 
I 15 14 14 15 05 02 02 01 15 15 15 15 15 15 15 15 | 15 15 15 14 15 15 15 15 15 15 15 05 05 15 05 05 I 05 05 05 05 05 01 04 04 02 03 03 03 13 14 15 04 | 14 14 14 14 14 01 03 03 10 05 15 15 15 15 15 15 
I 15 14 14 15 05 02 02 01 15 15 15 15 15 15 15 15 | 15 15 15 14 15 15 15 15 15 15 15 05 05 15 05 05 I 05 05 05 05 05 01 01 04 02 03 03 03 13 04 05 14 | 14 14 14 14 14 01 02 03 02 05 15 15 15 15 15 15 
I 15 15 14 15 05 02 02 01 15 15 15 15 15 15 15 15 | 15 15 15 15 15 14 15 15 15 15 15 05 15 15 05 05 I 05 05 05 05 05 05 01 04 04 02 03 03 03 03 05 15 | 14 14 14 14 01 05 01 03 01 15 15 15 15 15 15 15 
I 15 15 03 15 05 02 02 01 15 15 15 15 15 15 15 15 | 15 15 14 15 15 15 15 15 15 15 05 05 15 05 05 05 I 05 05 05 05 05 05 01 01 04 02 03 03 03 13 14 15 | 15 15 15 15 14 01 02 10 05 15 15 15 15 15 15 15 
I 15 15 03 14 05 02 02 01 15 15 15 15 15 15 15 15 | 15 15 15 14 15 15 15 15 15 15 05 15 15 05 05 05 I 05 05 05 05 05 05 05 01 04 02 03 03 03 13 04 15 | 15 15 15 15 14 02 10 01 15 15 15 15 15 15 15 15 
I 15 14 03 14 05 02 02 01 15 15 15 15 15 15 15 15 | 15 15 15 15 15 15 15 15 15 15 15 15 05 05 05 05 I 05 05 05 05 05 05 05 01 04 04 02 03 03 03 03 15 | 15 15 15 15 14 10 01 15 15 15 15 15 15 14 15 15 
I 15 15 03 14 05 02 02 01 15 15 15 15 15 15 15 15 | 15 15 15 14 15 15 15 15 15 15 15 05 05 05 05 05 I 05 05 05 05 05 05 05 05 01 04 04 03 03 03 13 14 | 15 15 15 15 05 05 15 15 15 15 15 15 14 15 15 15 
I 15 15 03 14 05 02 02 01 15 15 15 15 15 15 15 15 | 15 15 15 15 15 15 15 15 05 05 05 05 05 05 05 05 I 05 05 05 05 05 05 05 05 01 04 04 02 03 03 13 14 | 15 14 14 05 05 15 15 15 15 15 15 15 14 15 15 15 
I 15 15 03 03 05 02 02 05 15 15 15 15 15 15 15 15 | 15 15 15 15 15 15 15 05 05 05 05 05 05 05 05 05 I 05 05 05 05 05 05 05 01 01 04 04 02 03 03 13 04 | 15 15 14 05 05 05 05 15 15 15 15 14 15 15 15 15 
