=======================================================================================================================================================================================================
I 06 07 07 07 07 06 06 07 11 11 08 08 08 08 08 07 | 07 07 07 07 07 07 07 07 07 07 07 07 07 07 07 07 I 07 07 07 07 07 07 07 11 08 07 07 07 07 07 07 07 | 07 07 06 01 06 11 08 07 07 07 07 07 07 07 07 07 
I 07 07 07 07 07 06 07 07 11 11 08 08 08 08 08 07 | 07 07 07 07 07 07 07 07 07 07 07 07 07 07 07 07 I 07 07 07 07 07 07 07 08 08 07 07 07 07 07 07 07 | 07 07 07 02 02 07 11 07 08 08 07 07 07 07 11 14 
I 07 07 07 07 06 06 07 07 11 11 08 11 08 08 08 07 | 07 07 07 07 07 07 07 07 07 07 07 07 07 07 07 07 I 07 07 07 07 07 07 07 08 11 07 07 06 07 07 07 07 | 07 07 07 06 01 06 11 08 07 07 07 07 07 11 14 14 
I 07 07 07 06 06 07 07 07 11 11 08 11 08 08 08 07 | 07 07 07 07 07 07 07 07 07 07 08 07 07 07 07 07 I 07 07 07 07 07 07 07 08 08 07 07 06 07 07 07 07 | 07 07 07 07 06 01 06 11 07 08 07 07 11 14 14 13 
I 07 07 06 06 07 07 07 08 11 11 08 11 08 08 08 08 | 07 07 07 07 07 07 07 07 07 07 08 08 08 08 07 07 I 07 07 07 07 07 07 07 08 08 07 07 07 07 07 07 07 | 07 07 07 07 07 02 01 07 08 07 07 11 14 14 13 14 
I 07 07 06 07 07 07 07 08 11 11 08 11 08 08 08 08 | 07 07 07 07 07 07 07 07 07 07 07 07 07 07 07 08 I 08 07 07 07 07 07 07 08 08 08 07 07 07 07 07 07 | 07 07 07 07 07 06 01 06 11 07 11 14 14 13 14 14 
I 07 06 07 07 07 07 07 07 11 11 08 08 08 08 08 08 | 07 07 07 07 07 07 07 07 07 06 06 06 06 06 06 06 I 07 08 07 07 07 07 08 08 08 08 07 07 07 07 07 07 | 07 07 07 07 07 07 02 01 07 11 14 14 13 14 14 14 
I 06 06 07 08 07 07 07 08 11 11 11 11 08 08 08 08 | 08 07 07 07 07 07 07 07 07 07 06 06 06 06 06 06 I 06 06 07 08 07 07 08 08 08 08 07 07 07 07 07 07 | 07 07 07 07 07 07 06 01 06 14 14 13 14 14 14 14 
I 06 07 11 08 07 07 07 08 12 11 11 11 11 08 08 08 | 08 08 08 07 08 07 07 07 07 07 07 06 06 06 06 06 I 06 01 06 07 11 08 08 08 08 08 07 07 07 07 07 07 | 07 07 07 07 07 07 07 06 11 14 13 13 14 14 14 14 
I 07 08 12 08 07 06 07 08 12 11 11 11 11 08 08 08 | 08 08 07 08 08 08 07 07 07 07 07 06 06 06 06 06 I 06 06 01 01 06 11 08 08 11 08 07 07 07 07 07 07 | 07 07 07 07 07 07 07 12 14 13 13 14 14 13 14 11 
I 07 11 11 08 07 06 07 08 12 11 11 11 11 08 08 08 | 08 08 08 08 08 07 08 07 07 07 07 07 06 06 06 06 I 06 01 01 01 01 06 11 11 11 08 07 07 07 08 11 07 | 07 07 07 07 07 07 11 14 13 13 14 14 14 13 11 07 
I 08 11 11 08 07 06 07 08 11 11 11 11 11 08 08 08 | 08 08 08 08 08 08 08 07 07 07 07 07 06 06 06 06 I 01 01 01 01 01 01 07 12 11 08 07 07 07 07 13 11 | 07 07 07 07 07 07 14 14 13 14 14 14 13 11 07 07 
I 11 11 11 08 07 06 07 08 11 11 11 11 11 08 08 08 | 07 08 08 08 08 08 07 07 07 07 07 07 06 06 01 01 I 01 01 01 01 01 01 01 06 10 08 07 07 07 07 14 13 | 07 07 07 07 07 13 14 13 14 14 13 14 11 07 07 06 
I 11 11 11 08 07 06 07 08 11 11 11 11 11 08 08 08 | 07 08 08 08 08 07 07 07 07 07 07 07 06 06 06 06 I 06 01 01 01 01 01 01 01 11 11 07 07 07 07 13 14 | 12 07 07 07 11 14 13 13 14 14 14 14 07 07 06 06 
I 11 11 11 08 07 06 07 08 12 11 11 11 11 08 08 07 | 07 11 08 08 08 07 07 07 07 08 07 06 06 06 06 06 I 01 01 01 01 01 01 01 01 06 11 07 07 07 07 13 15 | 11 06 01 01 14 14 13 13 14 13 14 11 06 06 06 06 
I 11 11 11 08 07 06 07 08 12 11 11 11 11 08 08 07 | 07 11 08 08 07 07 07 07 08 06 06 06 06 06 06 06 I 06 06 01 01 01 01 01 01 01 07 07 07 07 08 14 07 | 01 01 01 01 11 14 13 14 14 14 11 06 06 06 06 06 
-------------------------------------------------------------------------------------------------------------------------------------------------------------------------------------------------------
I 11 11 11 08 07 06 07 08 12 11 11 08 08 08 08 06 | 07 11 08 08 07 07 07 08 07 06 06 06 06 06 06 06 I 06 06 06 01 06 06 01 01 01 01 07 07 07 07 06 01 | 01 01 01 01 11 14 13 14 14 14 07 06 06 06 06 06 
I 11 11 11 08 07 06 06 07 12 11 11 08 11 08 08 06 | 07 11 08 08 08 07 07 07 07 07 06 06 06 06 06 06 I 06 06 06 06 06 06 01 01 06 01 06 07 06 01 01 01 | 01 01 01 01 11 14 14 14 14 11 06 06 06 06 06 06 
I 11 11 11 08 07 06 06 07 12 11 11 11 11 08 08 06 | 07 08 08 08 08 07 07 07 07 06 06 06 06 06 06 06 I 06 06 06 06 06 06 06 06 06 06 06 06 01 01 01 01 | 01 06 01 01 14 14 14 14 11 07 06 06 06 06 06 06 
I 11 11 11 08 07 06 06 07 11 11 11 11 11 11 08 06 | 07 07 08 08 08 07 07 07 07 07 07 06 06 06 06 06 I 06 06 06 06 06 06 06 06 06 06 06 01 01 01 01 01 | 06 06 06 06 14 14 14 14 07 06 06 06 06 06 06 06 
I 11 11 11 08 07 06 06 07 11 11 11 11 11 11 08 06 | 07 07 08 08 07 07 07 07 07 07 07 06 06 06 06 06 I 06 06 06 06 06 06 06 06 06 06 06 06 06 01 01 01 | 06 06 06 11 14 14 14 11 06 06 06 06 06 06 06 06 
I 11 11 11 08 07 06 06 07 12 11 11 11 11 11 08 06 | 07 07 08 07 07 07 07 07 07 07 07 07 07 07 06 07 I 06 06 06 07 06 06 06 06 06 06 06 01 01 01 01 06 | 07 07 06 14 14 13 13 07 06 06 06 06 06 06 06 06 
I 11 11 08 07 07 06 06 07 12 11 11 11 08 11 08 06 | 06 07 07 08 07 07 07 07 07 07 07 07 11 11 06 07 I 11 11 13 14 07 06 06 06 06 06 01 01 01 06 06 11 | 11 06 11 14 14 14 11 06 06 06 06 06 06 06 06 06 
I 08 11 08 07 07 06 06 07 12 11 11 11 11 11 11 06 | 06 07 07 08 07 07 07 07 07 07 07 11 11 13 11 11 I 11 14 14 07 06 06 06 06 06 06 01 06 06 11 11 07 | 06 11 14 14 14 14 07 06 06 06 06 06 06 06 06 06 
I 08 11 08 08 07 06 06 07 12 11 11 11 11 08 11 06 | 02 07 07 07 07 07 07 07 07 11 11 13 14 11 11 11 I 13 13 07 06 06 06 06 06 06 06 06 11 07 07 06 06 | 11 14 13 14 14 13 07 06 06 06 06 06 06 06 06 06 
I 08 08 11 08 07 06 06 07 12 11 11 11 11 08 08 08 | 06 06 07 07 07 07 07 07 11 11 13 13 13 13 13 11 I 11 07 06 06 06 06 06 06 06 06 11 11 07 06 06 11 | 14 13 13 14 14 11 07 06 06 06 06 06 06 06 06 06 
I 08 08 11 08 07 06 06 07 12 11 11 11 11 08 08 11 | 06 06 07 08 07 07 07 11 13 11 14 11 13 14 14 13 I 11 06 06 06 06 06 06 06 06 06 07 11 11 06 12 14 | 13 13 14 14 13 07 07 06 06 06 06 06 06 06 06 06 
I 08 08 11 08 07 06 06 07 12 11 11 11 11 08 08 08 | 06 06 08 07 07 07 11 13 14 13 13 13 11 14 13 07 I 06 06 06 06 06 06 06 06 06 01 07 13 11 06 13 14 | 13 13 14 14 11 07 06 06 06 06 06 06 06 06 06 06 
I 08 11 11 08 07 06 06 07 11 11 11 08 11 08 08 08 | 07 07 08 07 07 13 13 13 14 14 13 11 11 14 07 06 I 06 06 06 06 06 06 06 06 01 01 06 10 14 06 13 14 | 13 13 14 14 07 06 06 06 06 06 06 06 06 06 06 06 
I 08 11 11 08 07 06 06 07 11 11 11 08 08 08 08 08 | 07 07 07 07 11 13 14 13 13 14 13 13 13 07 06 06 I 06 06 06 06 06 06 06 06 01 01 06 11 14 07 11 14 | 13 13 14 13 07 06 06 06 06 06 06 06 06 06 06 06 
I 11 11 11 08 07 06 06 07 11 11 11 08 08 08 08 07 | 11 11 07 11 13 13 14 13 14 13 13 14 11 06 06 06 I 06 07 07 06 06 06 06 06 06 01 06 11 14 11 11 13 | 13 14 14 11 07 06 06 06 06 06 06 06 06 07 07 07 
I 11 08 11 08 07 06 06 07 11 11 08 08 08 08 08 07 | 11 11 11 13 11 11 14 13 14 14 13 13 06 06 06 06 I 07 07 08 11 07 06 06 06 06 07 11 11 14 11 11 13 | 13 14 13 07 07 06 06 06 06 06 06 06 06 06 06 07 
=======================================================================================================================================================================================================
I 11 11 11 08 07 06 06 07 11 11 11 08 11 07 07 07 | 07 13 13 11 11 14 13 14 13 14 14 07 06 01 06 10 I 13 13 11 11 07 07 06 06 11 13 13 13 14 11 07 13 | 13 14 13 07 06 06 06 06 06 06 06 06 06 06 06 07 
I 11 11 11 11 07 06 06 07 11 11 08 08 12 07 06 07 | 13 13 13 13 11 14 13 13 14 14 11 06 06 06 11 10 I 12 11 01 11 08 07 06 06 13 11 07 14 14 11 07 13 | 13 14 11 07 06 06 07 06 06 06 07 06 07 07 07 07 
I 11 11 12 11 07 06 06 07 11 11 08 11 11 06 07 13 | 11 13 13 11 07 13 14 13 14 14 07 06 06 08 07 07 I 08 07 06 07 07 07 06 06 07 07 11 13 14 11 07 13 | 14 13 07 06 06 07 06 06 06 07 07 07 07 07 06 06 
I 11 11 12 11 07 06 06 07 11 11 08 07 07 11 14 13 | 07 13 13 11 06 11 14 14 14 11 06 06 08 07 06 06 I 07 07 06 06 07 07 06 01 07 07 08 12 14 11 06 13 | 14 13 07 06 06 06 06 07 06 07 07 07 06 06 06 06 
I 11 11 10 11 07 06 06 07 11 11 07 07 11 11 13 11 | 11 14 14 11 11 11 14 14 13 07 06 11 08 07 07 06 I 06 06 06 06 07 07 06 01 06 07 07 11 13 12 06 13 | 14 11 07 06 06 06 06 07 07 07 07 06 02 06 06 06 
I 11 12 13 11 07 06 06 07 11 11 08 11 11 11 13 11 | 13 14 14 13 14 11 11 15 11 06 11 13 08 07 07 06 I 06 06 06 07 07 07 06 01 06 07 07 12 13 13 07 13 | 14 11 06 06 06 07 07 07 07 07 07 06 06 06 06 06 
I 11 12 13 11 07 06 06 07 11 11 07 11 11 11 11 06 | 11 14 14 13 11 07 11 14 07 06 14 10 08 07 07 07 I 06 06 06 07 07 08 07 01 06 07 07 13 13 13 07 13 | 13 07 06 06 06 06 07 07 07 07 06 02 06 06 06 06 
I 11 12 13 12 07 06 06 07 11 08 07 11 11 11 11 07 | 11 14 14 11 11 11 14 11 06 13 14 11 08 07 07 07 I 07 06 06 07 07 07 07 01 06 07 08 14 13 14 07 11 | 13 07 06 07 07 06 07 07 07 06 02 06 06 06 06 01 
I 11 12 13 11 07 06 06 07 11 11 08 11 11 11 11 11 | 11 14 13 14 11 14 11 06 11 14 13 11 08 07 07 07 I 07 07 06 07 08 08 07 06 07 07 12 14 10 14 07 11 | 11 06 06 07 06 07 07 07 07 06 02 06 06 06 01 01 
I 12 12 10 08 06 06 06 07 11 11 07 13 11 11 11 11 | 06 13 11 14 11 07 07 07 14 13 13 11 08 07 07 07 I 07 07 06 07 07 07 06 06 07 07 14 14 11 13 11 07 | 08 06 06 07 07 07 07 07 07 06 02 06 06 06 01 01 
I 12 10 10 08 06 06 06 07 12 11 07 11 11 13 13 11 | 11 06 13 13 06 06 11 13 14 13 13 11 08 07 07 07 I 07 07 07 07 07 06 01 06 07 11 14 13 11 13 11 07 | 07 06 06 07 07 07 07 07 07 06 02 06 06 06 01 01 
I 13 10 10 08 06 06 06 07 11 08 08 13 13 13 11 11 | 11 11 11 06 06 11 11 14 13 13 13 11 08 07 07 07 I 07 08 08 07 07 07 07 07 07 14 14 13 12 13 13 07 | 07 06 06 07 07 07 07 07 07 06 06 06 06 01 01 01 
I 13 13 10 07 06 06 06 07 11 08 07 13 14 13 11 11 | 11 11 07 06 07 11 14 14 13 13 13 12 11 08 08 07 I 07 07 08 08 07 06 07 07 11 14 14 13 12 13 13 07 | 07 06 06 06 07 07 07 07 07 02 06 06 01 01 01 06 
I 13 13 10 08 06 06 06 07 11 07 11 11 14 11 06 11 | 11 07 07 06 07 14 14 14 13 13 13 13 12 08 08 07 I 07 07 07 07 07 07 07 07 14 14 13 13 11 10 13 06 | 07 06 06 06 06 07 07 07 06 01 01 01 01 06 06 06 
I 14 14 11 08 07 06 06 07 11 11 11 13 14 13 07 06 | 11 11 11 06 11 14 13 14 14 13 13 13 13 12 08 07 I 07 07 07 07 06 06 07 12 14 13 13 13 11 10 13 06 | 06 06 06 06 06 06 07 07 06 01 01 01 01 06 06 01 
I 14 14 11 08 07 06 06 07 12 11 13 13 14 13 11 11 | 06 06 07 11 14 14 13 13 13 14 13 13 13 13 10 08 I 08 07 07 06 06 06 07 14 14 13 13 13 11 12 12 06 | 07 06 06 06 06 07 07 07 06 01 02 01 06 02 06 06 
-------------------------------------------------------------------------------------------------------------------------------------------------------------------------------------------------------
I 14 14 13 08 07 06 06 07 11 11 13 13 13 14 06 11 | 11 06 06 07 13 14 13 13 13 14 14 13 13 10 11 11 I 08 07 07 06 06 06 07 11 14 14 13 12 11 11 11 07 | 08 07 07 07 06 06 07 07 06 02 02 02 06 07 13 14 
I 11 13 13 11 07 06 06 06 11 11 14 13 13 13 11 11 | 11 11 11 07 06 13 13 13 14 14 14 13 13 13 08 07 I 07 07 07 07 07 06 06 06 06 11 14 12 11 12 11 07 | 07 07 11 11 11 11 11 11 06 02 06 02 07 13 13 11 
I 06 11 13 10 07 06 06 07 07 13 14 11 11 11 13 11 | 11 11 06 06 11 11 13 13 13 14 13 13 13 13 08 07 I 07 07 07 07 07 06 06 06 01 01 07 13 11 13 11 07 | 07 07 07 07 11 11 11 11 06 02 02 07 13 12 11 11 
I 06 06 11 10 07 06 06 06 07 14 14 13 13 13 13 11 | 13 11 07 06 11 07 13 13 13 14 13 13 11 13 08 07 I 07 07 07 07 06 06 06 06 06 06 01 06 13 13 11 07 | 07 07 07 07 07 07 08 07 06 02 06 12 11 11 11 11 
I 11 06 06 13 07 06 06 07 11 14 13 14 14 11 14 13 | 11 11 11 06 06 11 11 14 13 14 13 13 08 10 11 07 I 07 07 07 07 07 06 06 06 06 06 01 01 11 14 11 07 | 07 07 07 07 07 07 07 06 02 02 07 11 11 11 11 11 
I 14 06 06 13 07 06 06 07 11 14 14 14 13 11 14 13 | 13 11 11 06 06 11 11 14 13 14 13 13 08 12 11 07 I 07 07 07 07 07 06 06 06 06 06 01 01 06 14 11 06 | 07 07 07 07 07 07 06 02 02 02 11 11 08 11 11 11 
I 14 06 06 13 07 06 06 07 11 14 14 14 11 13 14 14 | 14 11 11 06 06 06 11 13 13 13 14 11 07 11 08 07 I 07 07 07 07 07 07 06 06 06 06 01 01 01 13 11 06 | 07 07 07 07 07 07 02 02 02 07 11 11 08 11 11 11 
I 14 06 06 13 07 06 06 07 11 14 14 14 13 13 14 14 | 14 13 11 06 11 11 11 11 11 13 13 08 07 11 08 07 I 07 07 07 07 07 07 06 06 06 06 01 01 01 07 11 06 | 07 07 07 07 11 06 02 02 02 07 11 11 11 11 11 11 
I 14 11 06 13 07 06 06 06 11 14 14 13 14 13 14 14 | 13 13 11 06 11 11 14 13 13 14 10 08 08 11 07 07 I 07 07 07 07 07 07 06 06 06 06 06 01 01 06 07 06 | 07 07 07 07 07 07 06 02 06 08 11 11 11 11 11 11 
I 15 11 06 11 07 06 06 07 11 14 14 14 14 13 13 14 | 14 11 11 13 11 06 13 14 14 14 11 07 11 11 07 07 I 07 07 07 07 07 07 07 06 06 06 06 01 01 01 07 11 | 11 07 07 07 07 07 07 02 07 11 11 11 11 11 11 11 
I 15 11 06 11 07 06 06 07 11 14 14 14 14 13 13 14 | 14 11 06 11 11 13 14 14 14 10 08 08 10 08 07 07 I 07 07 07 07 07 07 07 06 06 06 06 01 01 01 07 12 | 11 12 11 11 07 07 06 02 08 12 11 11 11 11 11 13 
I 13 11 06 11 08 06 06 07 11 14 14 14 14 13 13 14 | 14 14 11 06 11 14 14 14 13 11 08 10 11 07 07 07 I 07 07 07 07 07 07 07 07 06 06 06 01 01 01 06 11 | 11 11 13 15 11 02 02 07 10 10 11 11 11 11 11 13 
I 11 07 06 07 08 06 06 07 11 14 14 14 14 13 13 14 | 13 13 13 11 11 14 14 14 12 11 10 11 07 07 07 07 I 07 07 07 07 07 07 07 07 06 06 06 06 01 01 06 11 | 11 11 11 13 07 02 07 13 13 11 11 12 11 11 11 13 
I 13 11 06 07 08 06 06 07 13 14 14 13 14 13 11 11 | 13 13 13 11 11 14 14 14 10 12 08 07 07 07 07 07 I 07 07 07 07 07 07 07 07 07 06 06 06 01 01 01 11 | 11 11 11 11 07 07 12 12 11 11 12 12 11 11 13 13 
I 14 11 06 06 07 06 06 07 13 14 14 13 13 13 13 11 | 11 13 13 11 11 14 14 12 08 08 07 07 07 07 07 07 I 07 07 07 07 07 07 07 07 07 06 06 06 06 01 01 06 | 11 11 11 08 08 11 11 11 11 11 13 11 07 11 13 13 
I 14 13 01 06 07 06 06 07 14 14 13 13 13 11 13 11 | 11 11 13 13 11 13 10 08 08 08 08 07 07 07 07 07 I 07 07 07 07 07 07 07 07 07 06 06 06 06 01 01 06 | 11 11 11 07 08 07 08 11 11 11 11 07 11 13 13 11 
