=======================================================================================================================================================================================================
I 01 01 01 01 01 02 02 01 15 15 01 01 01 01 01 01 | 01 01 01 01 01 01 01 01 01 01 01 01 01 01 01 01 I 01 01 01 01 01 01 01 15 01 01 01 01 01 01 01 01 | 01 01 02 11 12 15 01 01 01 01 01 01 01 01 01 01 
I 01 01 01 01 01 02 02 01 15 15 01 01 01 01 01 01 | 01 01 01 01 01 01 01 01 01 01 01 01 01 01 01 01 I 01 01 01 01 01 01 01 01 01 01 01 01 01 01 01 01 | 01 01 01 03 03 01 15 01 01 01 01 01 01 01 15 15 
I 01 01 01 01 02 02 01 01 15 15 01 01 01 01 01 01 | 01 01 01 01 01 01 01 01 01 01 01 01 01 01 01 01 I 01 01 01 01 01 01 01 01 15 01 01 01 01 01 01 01 | 01 01 01 02 11 11 15 01 01 01 01 01 01 15 15 15 
I 01 01 01 02 02 01 01 01 15 15 01 01 01 01 01 01 | 01 01 01 01 01 01 01 01 01 01 01 01 01 01 01 01 I 01 01 01 01 01 01 01 01 01 01 01 01 01 01 01 01 | 01 01 01 01 02 11 12 15 01 01 01 01 15 15 15 15 
I 01 01 02 02 02 01 01 01 15 15 01 01 01 01 01 01 | 01 01 01 01 01 01 01 01 01 01 01 01 01 01 01 01 I 01 01 01 01 01 01 01 01 01 01 01 01 01 01 01 01 | 01 01 01 01 02 11 11 01 01 01 01 15 15 15 15 15 
I 01 01 02 01 01 01 01 01 15 15 01 01 01 01 01 01 | 01 01 01 01 01 01 01 01 01 01 01 01 01 01 01 01 I 01 01 01 01 01 01 01 01 01 01 01 01 01 01 01 01 | 01 01 01 01 01 02 11 12 15 01 15 15 15 15 15 15 
I 01 02 01 01 01 02 01 01 15 15 01 01 01 01 01 01 | 01 01 01 01 01 01 01 01 01 12 12 12 11 12 12 12 I 01 01 01 01 01 01 01 01 01 01 01 01 01 01 01 01 | 01 01 01 01 01 01 11 11 01 15 15 15 15 15 15 15 
I 02 02 01 01 02 02 02 01 15 15 15 01 01 01 01 01 | 01 01 01 01 01 01 01 01 01 12 12 12 12 12 12 11 I 11 12 01 01 01 01 01 01 01 01 01 01 01 01 01 01 | 01 01 01 01 01 01 02 13 12 15 15 15 15 15 15 15 
I 02 01 15 01 02 02 01 01 15 15 15 15 01 01 01 01 | 01 01 01 01 01 01 01 01 01 01 12 12 12 12 11 11 I 11 11 11 01 15 01 01 01 01 01 01 01 01 01 01 01 | 01 01 01 01 01 01 01 02 15 15 15 15 15 15 15 15 
I 02 01 15 01 02 02 01 01 15 15 15 15 15 01 01 01 | 01 01 01 01 01 01 01 01 01 01 01 12 12 12 11 11 I 11 11 11 11 12 15 01 01 15 01 01 01 01 01 01 01 | 01 01 01 01 01 01 01 15 15 15 15 15 15 15 15 15 
I 01 15 15 01 02 02 01 01 15 15 15 15 15 01 01 01 | 01 01 01 01 01 01 01 01 01 01 01 01 12 12 11 12 I 11 11 11 11 13 12 15 15 15 01 01 01 01 01 15 01 | 01 01 01 01 01 01 15 15 15 15 15 15 15 15 15 01 
I 01 15 15 01 01 02 01 01 15 15 15 15 15 01 01 01 | 01 01 01 01 01 01 01 01 01 01 01 01 12 12 12 11 I 11 11 11 11 11 13 12 15 15 01 01 01 01 01 15 15 | 01 01 01 01 01 01 15 15 15 15 15 15 15 15 01 01 
I 15 15 15 01 01 02 01 01 15 15 15 15 15 01 01 01 | 01 01 01 01 01 01 01 01 01 01 01 01 12 12 11 11 I 11 11 11 11 11 11 11 12 15 01 01 01 01 01 15 15 | 01 01 01 01 01 15 15 15 15 15 15 15 15 01 12 12 
I 15 15 15 01 01 01 01 01 15 15 15 15 15 01 01 01 | 01 01 01 01 01 01 01 01 01 01 01 01 12 11 11 11 I 11 11 11 11 11 11 11 13 15 15 01 01 01 01 15 15 | 15 01 01 01 15 15 15 15 15 15 15 15 01 01 12 12 
I 15 15 15 01 01 02 01 01 15 15 15 15 15 01 01 01 | 01 15 01 01 01 01 01 01 01 01 12 12 12 12 12 11 I 11 11 11 11 11 11 11 13 11 15 01 01 01 01 15 15 | 15 11 11 11 15 15 15 15 15 15 15 15 12 12 12 12 
I 15 15 15 01 01 02 01 01 15 15 15 15 15 01 01 01 | 01 15 01 01 01 01 01 01 01 12 12 12 12 12 11 11 I 11 11 11 11 11 11 11 11 13 12 01 01 01 01 15 15 | 11 11 11 13 15 15 15 15 15 15 15 12 12 12 12 12 
-------------------------------------------------------------------------------------------------------------------------------------------------------------------------------------------------------
I 15 15 15 01 01 02 02 01 15 15 01 01 01 01 01 12 | 01 15 01 01 01 01 01 01 01 12 12 12 12 12 11 12 I 11 11 11 11 11 11 11 11 11 11 01 01 01 01 14 11 | 11 11 11 13 15 15 15 15 15 15 01 12 12 12 12 12 
I 15 15 15 01 01 02 02 01 15 15 15 01 01 01 01 02 | 01 15 01 01 01 01 01 01 01 01 12 12 12 12 12 12 I 12 12 11 11 12 11 11 11 11 11 11 01 12 11 11 11 | 11 11 11 11 15 15 15 15 15 15 12 12 12 12 12 12 
I 15 15 15 01 01 02 02 01 15 15 15 15 15 01 01 02 | 01 01 01 01 01 01 01 01 01 01 12 12 12 12 12 12 I 12 12 12 12 11 11 11 11 11 12 11 11 11 11 11 11 | 11 11 11 11 15 15 15 15 15 01 12 12 12 12 12 12 
I 15 15 15 01 02 02 02 01 15 15 15 15 01 01 01 02 | 01 01 01 01 01 01 01 01 01 01 01 12 12 12 12 12 I 12 12 12 12 11 12 12 12 12 11 11 11 11 11 11 11 | 11 12 11 12 15 15 15 15 15 12 12 12 12 12 12 12 
I 15 15 15 01 02 02 02 01 15 15 15 15 15 15 01 02 | 01 01 01 01 01 01 01 01 01 01 01 12 12 12 12 12 I 12 12 12 12 12 12 12 12 11 11 11 11 11 11 11 11 | 12 12 12 15 15 15 15 15 01 12 12 12 12 12 12 12 
I 15 15 01 01 02 02 02 01 15 15 15 15 01 15 01 03 | 02 01 01 01 01 01 01 01 01 01 01 01 01 15 12 12 I 12 12 12 12 12 12 12 11 11 11 11 11 11 11 11 11 | 01 01 12 15 15 15 15 01 01 12 12 12 12 12 12 12 
I 15 15 01 01 02 02 02 01 15 15 15 01 01 01 01 11 | 02 01 01 01 01 01 01 01 01 01 01 01 15 15 12 15 I 15 15 15 15 15 12 11 11 11 11 11 11 11 11 12 15 | 15 12 15 15 15 15 15 01 12 12 12 12 12 12 12 12 
I 01 15 01 01 02 02 02 01 15 15 15 15 01 01 15 02 | 02 01 01 01 01 01 01 01 01 01 01 15 15 15 15 15 I 15 15 15 15 12 11 11 11 11 11 11 11 12 15 15 01 | 12 15 15 15 15 15 15 12 12 12 12 12 12 12 12 12 
I 01 01 01 01 02 02 02 01 15 15 15 15 15 01 15 12 | 03 01 01 01 01 01 01 01 01 15 15 15 15 15 15 15 I 15 15 12 12 11 12 12 11 11 11 12 15 15 01 12 11 | 15 15 15 15 15 15 01 12 12 12 12 12 12 12 12 12 
I 01 01 15 01 02 02 02 01 15 15 15 15 15 01 01 01 | 11 02 01 01 01 01 01 01 15 15 15 15 15 15 15 15 I 15 15 12 11 12 12 12 11 11 12 15 15 15 12 12 15 | 15 15 15 15 15 15 01 12 12 12 12 12 12 12 12 12 
I 01 01 15 01 01 02 02 01 15 15 15 15 15 01 01 15 | 12 02 01 01 01 01 01 15 15 15 15 15 15 15 15 15 I 15 12 11 12 12 12 12 11 11 11 01 15 15 12 15 15 | 15 15 15 15 15 15 12 12 12 12 12 12 12 12 12 12 
I 01 01 15 01 01 02 02 01 15 15 15 15 15 01 01 01 | 12 02 01 01 01 01 15 15 15 15 15 15 15 15 15 15 I 12 12 12 12 12 12 11 11 11 11 01 15 15 12 15 15 | 15 15 15 15 15 01 12 12 12 12 12 12 12 12 12 12 
I 01 15 15 01 01 02 02 01 15 15 15 01 15 01 01 01 | 01 01 01 01 01 15 15 15 15 15 15 15 15 15 01 12 I 12 14 12 12 12 12 11 11 11 11 12 15 15 12 15 15 | 15 15 15 15 15 12 12 12 12 12 12 12 12 12 12 12 
I 01 15 15 01 01 02 02 01 15 15 15 01 01 01 01 01 | 01 01 01 01 15 15 15 15 15 15 15 15 15 15 12 12 I 14 12 12 01 12 12 11 11 11 11 11 15 15 15 15 15 | 15 15 15 15 01 12 12 12 12 12 12 12 12 12 12 12 
I 15 15 15 01 01 02 02 01 15 15 15 01 01 01 01 01 | 15 15 01 15 15 15 15 15 15 15 15 15 15 12 12 12 I 11 01 01 01 12 12 11 11 11 11 11 15 15 15 15 15 | 15 15 15 15 12 12 12 12 12 12 12 12 12 12 12 12 
I 15 01 15 01 01 02 02 01 15 15 01 01 01 01 01 01 | 15 15 15 15 15 15 15 15 15 15 15 15 12 12 12 12 I 01 01 01 15 01 12 12 11 11 01 15 15 15 15 15 15 | 15 15 15 15 12 12 12 12 12 12 12 12 12 12 12 12 
=======================================================================================================================================================================================================
I 15 15 15 01 01 02 02 01 15 15 01 01 15 01 01 01 | 01 15 15 15 15 15 15 15 15 15 15 01 12 11 12 15 I 15 15 15 15 01 01 12 11 15 15 15 15 15 15 15 15 | 15 15 15 01 12 12 12 12 12 12 12 12 12 12 12 12 
I 15 15 15 01 01 02 02 01 15 15 01 01 15 15 12 01 | 15 15 15 15 15 15 15 15 15 15 15 12 11 12 15 15 I 15 15 11 15 01 01 11 12 15 15 15 15 15 15 15 15 | 15 15 15 12 12 12 12 12 12 12 12 12 12 12 15 12 
I 15 15 15 15 01 02 02 01 15 15 01 15 15 12 15 15 | 15 15 15 15 15 15 15 15 15 15 01 11 12 01 01 01 I 01 01 12 01 01 01 11 12 01 01 15 15 15 15 15 15 | 15 15 15 12 12 12 12 12 12 12 12 12 12 12 12 12 
I 15 15 15 15 01 02 02 01 15 15 01 01 01 15 15 15 | 15 15 15 15 15 15 15 15 15 15 12 12 01 01 01 01 I 01 01 12 01 01 01 12 11 01 01 01 15 15 15 12 15 | 15 15 01 12 12 12 12 12 12 12 12 12 12 02 02 02 
I 15 15 15 15 01 02 02 01 15 15 01 01 15 15 15 15 | 15 15 15 15 15 15 15 15 15 01 11 15 01 01 01 12 I 12 12 12 01 01 01 12 11 12 01 01 15 15 15 12 15 | 15 15 12 12 12 12 12 12 12 12 12 12 03 02 02 12 
I 15 15 15 15 01 02 02 01 15 15 01 15 15 15 15 15 | 15 15 15 15 15 15 15 15 15 11 15 15 01 01 01 01 I 12 12 12 01 01 01 12 11 12 01 01 15 15 15 12 15 | 15 15 12 12 12 12 12 12 12 12 12 02 02 02 11 11 
I 15 15 15 15 01 02 02 01 15 15 01 15 15 15 15 15 | 15 15 15 15 15 01 15 15 12 12 15 15 01 01 01 01 I 01 12 01 01 01 01 01 11 12 01 01 15 15 15 12 15 | 15 01 12 12 12 12 12 12 12 12 02 02 02 11 11 11 
I 15 15 15 15 01 02 02 01 15 15 01 15 15 15 15 15 | 15 15 15 15 15 15 15 15 12 15 15 15 01 01 01 01 I 01 01 01 01 01 01 01 11 12 01 01 15 15 15 12 15 | 15 01 12 12 12 12 12 12 01 12 02 02 11 11 11 11 
I 15 15 15 15 01 12 02 01 15 15 15 15 15 15 15 15 | 15 15 15 15 15 15 15 11 15 15 15 15 01 01 01 01 I 01 01 01 01 01 01 01 12 01 01 15 15 15 15 15 15 | 15 12 12 12 12 12 12 12 01 12 02 03 11 11 11 11 
I 15 15 15 01 01 02 02 01 15 15 01 15 15 15 15 15 | 15 15 15 15 15 15 01 15 15 15 15 15 01 01 01 01 I 01 01 01 01 01 01 12 12 01 01 15 15 15 15 15 15 | 01 12 12 12 12 12 12 12 12 02 03 11 11 11 11 11 
I 15 15 15 01 01 02 02 01 15 15 01 15 15 15 15 15 | 15 15 15 15 12 12 15 15 15 15 15 15 01 01 01 01 I 01 01 01 01 01 11 11 12 01 15 15 15 15 15 15 01 | 01 12 12 12 12 12 12 12 12 02 11 11 11 11 11 11 
I 15 15 15 01 12 02 02 01 15 15 15 15 15 15 15 15 | 15 15 15 12 12 15 15 15 15 15 15 15 01 01 01 01 I 01 01 01 01 01 01 01 01 01 15 15 15 15 15 15 01 | 01 12 12 12 12 12 12 01 12 03 11 11 11 11 11 11 
I 15 15 15 01 01 02 02 01 15 15 15 15 15 15 15 15 | 15 15 01 12 12 15 15 15 15 15 15 15 15 01 01 01 I 01 01 01 01 01 01 01 01 15 15 15 15 15 15 15 01 | 01 12 12 12 12 12 12 01 12 11 11 11 11 11 11 11 
I 15 15 15 01 01 02 02 01 15 15 15 15 15 15 15 15 | 15 15 15 12 12 15 15 15 15 15 15 15 15 01 01 01 I 01 01 01 01 01 01 01 01 15 15 15 15 15 15 15 12 | 12 12 12 12 12 12 12 15 12 11 11 11 11 11 11 11 
I 15 15 15 01 01 02 02 01 15 15 15 15 15 15 15 15 | 15 15 15 12 15 15 15 15 15 15 15 15 15 15 01 01 I 01 01 01 01 01 01 01 15 15 15 15 15 15 15 15 12 | 12 12 12 12 12 12 12 15 12 11 11 11 11 11 11 11 
I 15 15 15 01 01 02 02 01 15 15 15 15 15 15 15 15 | 15 15 15 15 15 15 15 15 15 15 15 15 15 15 15 01 I 01 01 01 12 12 12 01 15 15 15 15 15 15 15 15 12 | 12 12 12 12 12 12 12 15 12 11 11 11 11 11 11 12 
-------------------------------------------------------------------------------------------------------------------------------------------------------------------------------------------------------
I 15 15 15 01 01 02 02 01 15 15 15 15 15 15 15 15 | 15 15 15 15 15 15 15 15 15 15 15 15 15 15 15 15 I 01 01 01 01 01 12 12 15 15 15 15 15 15 15 15 12 | 15 15 01 12 12 12 12 15 12 11 11 11 11 12 15 15 
I 15 15 15 15 01 12 02 12 15 15 15 15 15 15 15 15 | 15 15 15 15 15 15 15 15 15 15 15 15 15 15 01 01 I 01 01 01 01 01 12 11 11 12 15 15 15 15 15 15 01 | 01 01 15 15 15 15 15 15 12 03 11 11 12 15 15 15 
I 15 15 15 15 01 02 02 01 15 15 15 15 15 15 15 15 | 15 15 15 15 15 15 15 15 15 15 15 15 15 15 01 01 I 01 01 01 01 01 12 12 11 11 11 15 15 15 15 15 12 | 12 12 01 15 15 15 15 15 12 11 11 12 15 15 15 15 
I 15 14 15 15 01 02 02 01 15 15 15 15 15 15 15 15 | 15 15 15 15 15 15 15 15 15 15 15 15 15 15 01 01 I 01 01 01 01 01 12 12 12 11 11 11 12 15 15 15 12 | 12 12 12 12 15 15 01 01 11 11 02 15 15 15 15 15 
I 15 14 12 15 01 02 02 01 15 15 15 15 15 15 15 15 | 15 15 15 15 15 15 15 15 15 15 15 15 01 15 15 01 I 01 01 01 01 01 12 12 12 12 11 11 11 15 15 15 12 | 12 12 12 12 12 15 01 02 11 11 01 15 15 15 15 15 
I 15 14 12 15 01 02 02 01 15 15 15 15 15 15 15 15 | 15 15 15 15 15 15 15 15 15 15 15 15 01 15 01 01 I 01 01 01 01 01 01 12 12 12 11 11 11 11 15 15 12 | 12 12 12 12 15 01 02 03 11 03 15 15 01 15 15 15 
I 15 15 14 15 01 02 02 01 15 15 15 15 15 15 15 15 | 15 15 15 15 15 15 15 15 15 15 15 15 01 15 01 01 I 01 01 01 01 01 01 12 12 12 11 11 11 11 15 15 12 | 12 12 12 12 15 12 11 11 11 02 15 15 01 15 15 15 
I 15 15 14 15 01 02 02 01 15 15 15 15 15 15 15 15 | 15 15 15 15 15 15 15 15 15 15 15 01 01 15 01 01 I 01 01 01 01 01 01 01 12 12 11 11 11 11 15 15 12 | 12 12 12 12 15 12 03 11 03 01 15 01 15 15 15 15 
I 15 15 14 15 01 02 02 01 15 15 15 15 15 15 15 15 | 15 15 15 15 15 15 15 15 15 15 15 01 01 15 01 01 I 01 01 01 01 01 01 01 12 12 11 11 11 11 12 01 12 | 12 12 12 12 01 01 02 11 02 01 15 15 15 15 15 15 
I 15 15 14 15 01 02 02 01 15 15 15 15 15 15 15 15 | 15 15 15 15 15 15 15 15 15 15 15 01 15 15 01 01 I 01 01 01 01 01 01 01 12 12 12 11 11 11 11 01 15 | 15 12 12 12 12 01 01 03 02 15 15 15 15 15 15 15 
I 15 15 14 15 01 02 02 01 15 15 15 15 15 15 15 15 | 15 15 15 15 15 15 15 15 15 15 01 01 15 01 01 01 I 01 01 01 01 01 01 01 01 12 12 11 11 11 11 12 15 | 15 15 15 15 01 02 02 03 01 15 15 15 15 15 15 15 
I 15 15 11 15 01 02 02 01 15 15 15 15 15 15 15 15 | 15 15 15 15 15 15 15 15 15 15 01 15 15 01 01 01 I 01 01 01 01 01 01 01 01 12 12 11 11 11 11 12 15 | 15 15 15 15 15 02 03 02 15 15 15 15 15 15 15 15 
I 15 15 14 15 01 02 02 01 15 15 15 15 15 15 15 15 | 15 15 15 15 15 15 15 15 15 15 15 15 01 01 01 01 I 01 01 01 01 01 01 01 01 01 12 12 11 11 11 11 15 | 15 15 15 15 01 03 01 15 15 15 15 15 15 15 15 15 
I 15 15 14 15 01 02 02 01 15 15 15 15 15 15 15 15 | 15 15 15 15 15 15 15 15 15 15 01 01 01 01 01 01 I 01 01 01 01 01 01 01 01 01 12 12 11 11 11 11 15 | 15 15 15 15 01 01 15 15 15 15 15 15 15 15 15 15 
I 15 15 11 12 01 02 02 01 15 15 15 15 15 15 15 15 | 15 15 15 15 15 15 15 15 01 01 01 01 01 01 01 01 I 01 01 01 01 01 01 01 01 01 12 12 12 11 11 11 12 | 15 15 15 01 01 15 15 15 15 15 15 15 15 15 15 15 
I 15 15 11 12 01 02 02 01 15 15 15 15 15 15 15 15 | 15 15 15 15 15 15 15 01 01 01 01 01 01 01 01 01 I 01 01 01 01 01 01 01 01 01 12 12 12 11 11 11 12 | 15 15 15 01 01 01 01 15 15 15 15 15 15 15 15 15 
