=======================================================================================================================================================================================================
I 02 02 02 02 02 02 02 02 02 02 02 02 02 02 02 02 | 02 02 02 02 02 02 02 02 02 02 02 02 02 02 02 02 I 02 02 02 02 02 02 02 02 02 02 02 02 02 02 02 02 | 02 02 03 03 03 02 02 02 02 02 02 02 02 02 02 02 
I 02 02 02 02 02 02 02 02 02 02 02 02 02 02 02 02 | 02 02 02 02 02 02 02 02 02 02 02 02 02 02 02 02 I 02 02 02 02 02 02 02 02 02 02 02 02 02 02 02 02 | 02 02 02 03 03 02 02 02 02 02 02 02 02 02 02 01 
I 02 02 02 02 02 02 02 02 02 02 02 02 02 02 02 02 | 02 02 02 02 02 02 02 02 02 02 02 02 02 02 02 02 I 02 02 02 02 02 02 02 02 02 02 02 02 02 02 02 02 | 02 02 02 02 03 03 02 02 02 02 02 02 02 02 01 01 
I 02 02 02 02 02 02 02 02 02 02 02 02 02 02 02 02 | 02 02 02 02 02 02 02 02 02 02 02 02 02 02 02 02 I 02 02 02 02 02 02 02 02 02 02 02 02 02 02 02 02 | 02 02 02 02 03 03 02 02 02 02 02 02 02 01 01 01 
I 02 02 02 02 02 02 02 02 02 02 02 02 02 02 02 02 | 02 02 02 02 02 02 02 02 02 02 02 02 02 02 02 02 I 02 02 02 02 02 02 02 02 02 02 02 02 02 02 02 02 | 02 02 02 02 02 03 13 02 02 02 02 02 01 01 01 01 
I 02 02 02 02 02 02 02 02 01 02 02 02 02 02 02 02 | 02 02 02 02 02 02 02 02 02 02 02 02 02 02 02 02 I 02 02 02 02 02 02 02 02 02 02 02 02 02 02 02 02 | 02 02 02 02 02 03 13 03 02 02 02 01 01 01 01 01 
I 02 02 02 02 02 02 02 02 01 02 02 02 02 02 02 02 | 02 02 02 02 02 02 02 02 02 02 02 13 13 13 13 02 I 02 02 02 02 02 02 02 02 02 02 02 02 02 02 02 02 | 02 02 02 02 02 02 03 13 02 01 01 01 01 01 01 01 
I 02 02 02 02 02 02 02 02 01 02 02 02 02 02 02 02 | 02 02 02 02 02 02 02 02 02 02 02 02 13 13 13 13 I 13 02 02 02 02 02 02 02 02 02 02 02 02 02 02 02 | 02 02 02 02 02 02 02 13 03 01 01 01 01 01 01 01 
I 02 02 02 02 02 02 02 02 01 02 02 02 02 02 02 02 | 02 02 02 02 02 02 02 02 02 02 02 02 13 13 13 13 I 13 13 13 02 02 02 02 02 02 02 02 02 02 02 02 02 | 02 02 02 02 02 02 02 03 01 01 01 01 01 01 01 01 
I 02 02 01 02 02 02 02 02 01 02 02 02 02 02 02 02 | 02 02 02 02 02 02 02 02 02 02 02 02 02 13 13 13 I 13 13 13 13 13 02 02 02 02 02 02 02 02 02 02 02 | 02 02 02 02 02 02 02 01 01 01 01 01 01 01 01 01 
I 02 02 01 02 02 02 02 02 01 02 02 02 02 02 02 02 | 02 02 02 02 02 02 02 02 02 02 02 02 02 13 13 13 I 13 13 13 13 13 13 01 02 02 02 02 02 02 02 01 02 | 02 02 02 02 02 02 02 01 01 01 01 01 01 01 01 02 
I 02 02 02 02 02 02 02 02 01 02 02 02 02 02 02 02 | 02 02 02 02 02 02 02 02 02 02 02 02 02 02 13 13 I 13 13 13 13 13 13 02 01 02 02 02 02 02 02 01 02 | 02 02 02 02 02 02 01 01 01 01 01 01 01 14 02 02 
I 02 02 02 02 02 02 02 02 01 02 02 02 02 02 02 02 | 02 02 02 02 02 02 02 02 02 02 02 02 02 13 13 13 I 13 13 13 13 13 13 13 02 01 02 02 02 02 02 01 01 | 02 02 02 02 02 01 01 01 01 01 01 01 01 02 02 02 
I 02 02 02 02 02 02 02 02 01 02 02 02 02 02 02 02 | 02 02 02 02 02 02 02 02 02 02 02 02 13 13 13 13 I 13 13 13 13 13 13 13 13 02 02 02 02 02 02 01 01 | 01 02 02 02 02 01 01 01 01 01 01 01 02 02 02 02 
I 02 02 01 02 02 02 02 02 01 02 02 02 02 02 02 02 | 02 02 02 02 02 02 02 02 02 02 02 13 13 13 13 13 I 13 13 13 13 13 13 13 13 13 01 02 02 02 02 01 01 | 14 13 13 13 01 01 01 01 01 01 01 02 02 02 02 02 
I 02 02 02 02 02 02 02 02 01 02 02 02 02 02 02 02 | 02 02 02 02 02 02 02 02 02 02 13 02 13 13 13 13 I 13 13 13 13 13 13 13 13 13 02 02 02 02 02 01 11 | 13 13 13 13 14 01 01 01 01 01 01 02 02 02 02 02 
-------------------------------------------------------------------------------------------------------------------------------------------------------------------------------------------------------
I 02 02 02 02 02 02 02 02 01 02 02 02 02 02 02 02 | 02 02 02 02 02 02 02 02 02 02 02 13 13 13 13 13 I 13 13 13 13 13 13 13 13 13 13 02 02 02 02 11 13 | 13 13 13 13 14 01 01 01 01 01 02 02 02 02 02 02 
I 02 02 02 02 02 02 02 02 01 02 02 02 02 02 02 02 | 02 02 02 02 02 02 02 02 02 02 02 13 13 13 02 13 I 13 13 13 13 13 13 13 13 13 13 13 02 02 13 13 13 | 13 13 13 13 01 01 01 01 01 02 02 02 02 02 02 02 
I 02 02 02 02 02 02 02 02 01 02 02 02 02 02 02 03 | 02 02 02 02 02 02 02 02 02 02 02 02 02 02 02 13 I 02 13 13 13 13 13 13 13 13 13 13 13 13 13 13 13 | 13 13 13 13 01 01 01 01 01 02 02 02 02 02 02 02 
I 02 02 02 02 02 02 02 02 01 02 02 02 02 02 02 03 | 02 02 02 02 02 02 02 02 02 02 02 02 02 02 02 02 I 02 02 13 13 13 13 13 13 13 13 13 13 13 13 13 13 | 13 02 13 02 01 01 01 01 02 02 02 02 02 02 02 02 
I 02 02 02 02 02 02 02 02 01 02 02 02 02 02 02 03 | 02 02 02 02 02 02 02 02 02 02 02 02 02 02 02 02 I 02 02 02 02 02 02 02 13 13 13 13 13 13 13 13 13 | 13 02 13 14 01 01 01 02 02 02 02 02 02 02 02 02 
I 02 02 02 02 02 02 02 02 01 02 02 02 02 02 02 03 | 02 02 02 02 02 02 02 02 02 02 02 02 02 02 02 02 I 02 02 02 02 02 02 13 13 13 13 13 13 13 13 13 13 | 02 02 13 01 01 01 01 02 02 02 02 02 02 02 02 02 
I 02 02 02 02 02 02 02 02 01 02 02 02 02 02 02 03 | 03 02 02 02 02 02 02 02 02 02 02 02 02 14 02 02 I 14 14 01 01 02 13 13 13 13 13 13 13 13 13 02 02 | 02 13 14 01 01 01 01 02 02 02 02 02 02 02 02 02 
I 02 02 02 02 02 02 02 02 01 02 02 02 02 02 02 03 | 03 02 02 02 02 02 02 02 02 02 02 02 01 01 14 07 I 14 07 01 02 13 13 13 13 13 13 13 13 02 02 02 02 | 13 02 01 01 01 01 02 02 02 02 02 02 02 02 02 02 
I 02 02 02 02 02 02 02 02 01 02 02 02 02 02 02 02 | 03 02 02 02 02 02 02 02 02 02 01 01 01 07 01 14 I 07 07 02 13 13 13 13 13 13 13 02 02 02 02 02 03 | 02 01 01 01 01 01 02 02 02 02 02 02 02 02 02 02 
I 02 02 02 02 02 02 02 02 01 02 02 02 02 02 02 02 | 03 02 02 02 02 02 02 02 01 07 01 01 01 01 01 07 I 14 02 13 13 13 13 13 13 13 13 01 02 02 02 03 01 | 01 01 01 01 01 02 02 02 02 02 02 02 02 02 02 02 
I 02 02 02 02 02 02 02 02 01 01 02 02 02 02 02 02 | 03 03 02 02 02 02 02 02 01 14 01 07 01 01 01 01 I 14 02 13 13 13 13 13 13 13 13 02 01 02 02 01 01 | 01 01 01 01 01 02 02 02 02 02 02 02 02 02 02 02 
I 02 02 02 02 02 02 02 02 01 02 02 02 02 02 02 02 | 02 02 02 02 02 02 01 01 01 01 01 07 14 01 01 02 I 02 13 13 02 13 02 13 13 13 13 02 01 01 02 01 01 | 01 01 01 01 02 02 02 02 02 02 02 02 02 02 02 02 
I 02 02 02 02 02 02 02 02 01 02 02 02 02 02 02 02 | 02 02 02 02 02 01 01 01 01 01 01 07 07 01 02 13 I 02 13 13 02 02 13 13 13 13 13 03 01 01 02 01 01 | 01 01 01 01 02 02 02 02 02 02 02 02 02 02 02 02 
I 02 02 02 02 02 02 02 02 01 02 02 02 02 02 02 02 | 02 02 02 02 01 01 01 01 01 01 01 01 01 02 02 13 I 13 13 02 02 02 13 13 13 13 13 13 02 01 02 01 01 | 01 01 01 01 02 02 02 02 02 02 02 02 02 02 02 02 
I 02 02 02 02 02 02 02 02 01 02 02 02 02 02 02 02 | 02 02 02 02 01 07 01 01 01 01 07 01 01 02 02 13 I 13 02 02 02 13 02 13 13 13 13 13 02 01 02 02 01 | 01 01 01 02 02 02 02 02 02 02 02 02 02 02 02 02 
I 02 02 02 02 02 02 03 02 01 02 02 02 02 02 02 02 | 02 02 02 01 07 07 01 01 01 01 01 01 02 13 13 13 I 02 02 02 02 02 02 03 13 13 02 02 02 01 02 02 01 | 01 01 01 02 02 02 02 02 02 02 02 02 02 02 02 02 
=======================================================================================================================================================================================================
I 02 02 02 02 02 03 02 02 01 02 02 02 02 02 02 02 | 02 01 07 07 14 01 01 01 07 01 01 02 03 13 02 01 I 01 01 01 01 02 02 02 13 02 01 01 01 01 02 02 01 | 01 01 01 02 02 02 02 02 02 02 02 02 02 02 02 02 
I 02 02 01 02 02 03 03 02 01 02 02 02 01 02 03 02 | 01 01 01 07 14 01 01 01 01 01 01 02 13 13 02 01 I 01 14 13 02 02 02 13 13 01 02 02 01 01 01 02 01 | 01 01 02 02 02 02 02 02 02 02 02 02 02 02 02 02 
I 02 02 01 02 02 03 03 02 02 02 02 02 02 02 02 01 | 07 07 07 14 11 01 01 01 01 01 02 13 13 02 02 02 I 02 02 13 02 02 02 13 13 02 02 02 01 01 01 02 01 | 01 01 02 02 02 02 02 02 02 02 02 02 02 02 02 03 
I 02 02 01 02 02 03 03 02 02 02 02 02 02 14 01 07 | 11 07 07 14 11 07 01 01 01 02 02 13 02 02 02 02 I 02 02 02 02 02 02 13 13 02 02 02 01 01 01 02 01 | 01 01 02 02 02 02 02 02 02 02 02 02 02 03 03 03 
I 02 01 01 02 02 03 03 02 01 02 02 02 02 07 07 14 | 14 01 01 14 14 02 01 01 01 02 13 01 02 02 02 02 I 02 13 02 02 02 02 02 13 02 02 02 01 01 01 02 01 | 01 01 02 02 02 02 02 02 02 02 02 02 03 03 03 03 
I 01 01 01 02 02 03 03 02 01 02 02 02 14 07 07 14 | 07 01 01 01 01 02 01 01 02 13 02 01 02 02 02 02 I 02 02 02 02 02 02 02 13 02 02 02 01 01 01 02 01 | 01 02 02 02 02 02 02 02 02 02 02 03 03 03 03 13 
I 01 01 01 01 02 02 02 02 01 02 02 02 14 14 07 11 | 14 01 01 01 01 02 01 01 02 11 01 01 02 02 02 02 I 02 02 02 02 02 02 02 13 02 02 02 01 01 01 02 01 | 01 02 02 02 02 02 02 02 02 02 03 03 03 03 13 13 
I 01 01 01 01 02 02 03 02 01 02 02 01 14 07 07 14 | 14 01 01 01 02 01 01 02 02 01 01 01 02 02 02 02 I 02 02 02 02 02 02 02 13 02 02 02 01 01 01 02 01 | 01 02 02 02 02 02 02 02 02 02 03 03 03 13 13 13 
I 01 01 01 02 02 02 03 02 02 02 02 14 14 14 07 14 | 14 01 01 01 01 01 01 13 02 01 01 02 02 02 02 02 I 02 02 02 02 02 02 02 13 02 02 01 01 01 01 02 02 | 02 02 02 02 02 02 02 02 02 03 03 03 13 13 13 13 
I 01 01 01 02 02 02 03 02 01 02 02 01 07 07 07 14 | 11 07 02 01 01 02 02 02 01 01 01 02 02 02 02 02 I 02 02 02 02 02 02 02 13 02 02 01 01 01 01 02 02 | 02 02 02 02 02 02 02 02 02 03 03 03 13 13 13 13 
I 01 01 01 02 02 02 03 02 01 02 02 07 14 01 07 07 | 14 11 01 01 02 02 02 01 01 01 01 02 02 02 02 02 I 02 02 02 02 02 13 13 13 02 01 01 01 01 01 01 02 | 02 02 02 02 02 02 02 02 02 03 03 03 03 13 13 13 
I 01 01 01 02 02 02 03 02 02 02 02 01 01 01 14 14 | 07 14 14 02 13 02 01 01 01 01 01 01 02 02 02 02 I 02 02 02 02 02 02 02 02 02 01 01 01 01 01 01 02 | 02 02 02 02 02 02 02 02 02 03 13 03 13 13 13 13 
I 01 01 01 02 02 03 03 02 02 02 02 01 01 07 14 14 | 14 14 02 02 02 02 01 01 01 01 01 01 02 02 02 02 I 02 02 02 02 02 02 02 02 01 01 01 01 01 01 01 02 | 02 02 02 02 02 02 02 02 02 03 13 13 13 13 13 13 
I 01 01 01 02 02 03 03 02 01 02 01 14 01 07 11 14 | 14 11 02 02 02 01 01 01 01 01 01 01 01 02 02 02 I 02 02 02 02 02 02 02 02 01 01 01 01 01 01 01 02 | 02 02 02 02 02 02 02 02 02 13 13 13 13 13 03 03 
I 01 01 01 02 02 03 03 02 01 02 01 01 01 07 11 11 | 14 02 02 02 01 01 01 01 01 01 01 01 01 01 02 02 I 02 02 02 02 02 02 02 01 01 01 01 01 01 01 01 02 | 02 02 02 02 02 02 02 02 02 13 13 13 13 13 13 13 
I 01 01 01 02 02 02 03 02 01 01 01 01 01 07 14 07 | 11 11 02 14 01 01 01 01 01 01 01 01 01 01 01 02 I 02 02 02 02 02 02 02 01 01 01 01 01 01 01 01 02 | 02 02 02 02 02 02 02 02 02 13 03 13 13 03 03 02 
-------------------------------------------------------------------------------------------------------------------------------------------------------------------------------------------------------
I 01 01 01 02 02 02 03 02 02 02 01 01 01 01 11 14 | 14 11 11 11 14 01 01 01 01 01 01 01 01 01 01 02 I 02 02 02 02 02 02 02 01 01 01 01 01 02 01 01 02 | 02 02 02 02 02 02 02 02 03 03 03 03 03 02 01 01 
I 01 01 01 01 02 02 02 02 02 01 01 01 01 01 14 14 | 14 14 14 14 11 01 01 01 01 01 01 01 01 01 02 02 I 02 02 02 02 02 02 13 13 11 14 01 01 01 01 01 02 | 02 02 02 02 02 02 02 02 03 03 03 03 02 01 01 01 
I 02 02 01 01 02 02 02 02 02 01 01 14 07 14 01 14 | 14 14 11 11 14 14 01 01 01 01 01 01 01 01 02 02 I 02 02 02 02 02 02 13 13 13 13 11 01 01 01 01 02 | 02 02 02 02 02 02 02 02 03 03 03 02 01 01 02 01 
I 11 11 02 01 02 02 02 02 02 01 01 01 01 01 01 07 | 07 07 11 11 14 02 01 01 01 01 01 01 01 01 02 02 I 02 02 02 02 02 02 03 03 13 13 13 02 01 01 01 02 | 02 02 02 02 02 02 02 02 03 13 03 01 01 02 02 02 
I 01 11 02 01 02 03 02 02 02 01 01 01 01 14 01 01 | 07 07 14 11 11 14 14 01 01 01 01 01 02 01 02 02 I 02 02 02 02 02 02 02 03 03 13 13 13 02 01 02 02 | 02 02 02 02 02 02 02 02 13 03 02 01 02 02 02 02 
I 01 11 11 01 02 03 03 02 02 01 01 01 07 14 01 01 | 01 14 14 11 11 14 14 01 01 01 01 01 02 01 02 02 I 02 02 02 02 02 02 02 03 13 13 13 13 13 01 02 02 | 02 02 02 02 02 02 02 03 13 03 02 02 02 02 02 02 
I 01 11 11 01 02 03 03 02 01 01 01 01 14 01 01 01 | 01 07 14 11 11 11 14 01 01 01 01 01 02 01 02 02 I 02 02 02 02 02 02 02 02 13 13 13 13 13 01 02 02 | 02 02 02 02 02 02 03 03 03 02 02 02 02 02 02 02 
I 01 11 11 01 02 03 02 02 01 01 01 01 01 01 01 01 | 01 01 07 11 14 14 14 01 01 01 01 02 02 01 02 02 I 02 02 02 02 02 02 02 02 13 13 13 13 13 02 02 02 | 02 02 02 02 02 02 03 03 03 02 02 02 02 02 02 01 
I 01 02 13 01 02 03 03 02 02 01 01 01 01 01 01 01 | 01 07 14 11 14 14 01 01 01 01 01 02 02 01 02 02 I 02 02 02 02 02 02 02 02 03 13 13 13 13 13 02 02 | 02 02 02 02 02 02 03 03 03 02 02 02 02 02 02 02 
I 01 14 13 01 02 03 03 02 02 01 01 01 01 01 01 01 | 01 14 14 07 07 11 01 01 01 01 02 02 02 02 02 02 I 02 02 02 02 02 02 02 02 02 13 13 13 13 13 02 01 | 02 02 02 02 02 02 02 03 02 02 02 01 02 02 02 01 
I 01 14 13 01 02 03 03 02 02 01 01 01 01 01 01 01 | 01 07 11 14 14 01 01 01 01 01 02 02 01 02 02 02 I 02 02 02 02 02 02 02 02 02 03 13 13 13 13 02 01 | 01 01 01 02 02 02 03 03 02 01 01 02 02 02 02 01 
I 01 02 13 02 02 03 03 02 02 01 01 01 01 01 01 01 | 01 01 14 11 14 01 01 01 01 02 02 01 02 02 02 02 I 02 02 02 02 02 02 02 02 02 02 13 13 13 13 13 02 | 02 01 01 01 02 03 03 02 01 01 02 02 01 02 01 01 
I 02 02 13 02 02 03 03 02 01 01 01 01 01 01 01 01 | 01 01 01 14 14 01 01 01 01 02 01 01 02 02 02 02 I 02 02 02 02 02 02 02 02 02 02 13 13 13 13 13 02 | 02 02 01 01 02 03 02 01 01 01 02 01 02 02 01 01 
I 01 02 13 02 02 03 03 02 01 01 01 01 01 01 07 14 | 01 01 07 14 14 01 01 01 01 01 02 02 02 02 02 02 I 02 02 02 02 02 02 02 02 02 02 03 13 13 13 13 02 | 01 02 02 02 02 02 01 01 01 02 01 01 02 02 01 01 
I 01 01 13 02 02 02 03 02 01 01 01 01 01 01 01 14 | 07 01 01 14 14 01 01 01 02 02 02 02 02 02 02 02 I 02 02 02 02 02 02 02 02 02 02 02 13 13 13 13 02 | 01 02 02 02 02 02 02 02 02 01 01 02 02 01 01 01 
I 01 01 13 13 02 02 03 02 01 01 01 01 01 14 01 14 | 14 07 01 01 14 01 01 02 02 02 02 02 02 02 02 02 I 02 02 02 02 02 02 02 02 02 02 02 13 13 13 13 13 | 01 02 02 02 02 02 02 02 01 01 02 02 02 01 01 01 
