=======================================================================================================================================================================================================
I 10 10 10 09 10 10 10 09 09 09 09 09 09 09 09 09 | 09 09 09 09 09 09 09 09 09 09 09 09 09 09 09 09 I 09 09 09 09 09 09 09 09 09 09 10 09 09 10 10 10 | 10 09 10 06 07 09 09 09 09 09 09 09 09 09 09 09 
I 10 10 10 09 10 10 10 09 09 09 09 09 09 09 09 09 | 09 09 09 09 09 09 09 09 09 09 09 09 09 09 09 09 I 09 09 09 09 09 09 09 09 09 09 10 10 10 10 10 10 | 10 09 10 07 06 09 09 09 09 09 09 09 09 09 09 15 
I 10 10 10 10 10 10 10 09 09 09 09 09 09 09 09 09 | 09 09 09 09 09 09 09 09 09 09 09 09 09 09 09 09 I 09 09 09 09 09 09 09 09 09 09 09 10 10 10 10 10 | 09 09 09 10 06 07 09 09 09 09 09 09 09 09 15 15 
I 10 10 10 10 10 10 10 09 09 09 09 09 09 09 09 09 | 09 09 09 09 09 09 09 09 09 09 09 09 09 09 09 09 I 09 09 09 09 09 09 09 09 09 09 09 10 10 10 10 10 | 09 09 09 09 11 06 10 09 09 09 09 09 09 15 15 15 
I 10 10 10 10 10 10 10 09 09 09 09 09 09 09 09 09 | 09 09 09 09 09 09 09 09 09 09 09 09 09 09 09 09 I 09 09 09 09 09 09 09 09 09 09 09 09 10 10 10 10 | 10 10 09 09 10 06 06 09 09 09 09 09 15 15 15 15 
I 10 10 10 10 10 10 10 09 09 09 09 09 09 09 09 09 | 09 09 09 09 09 09 09 09 09 09 09 09 09 09 09 09 I 09 09 09 09 09 09 09 09 09 09 09 09 09 10 09 09 | 09 09 09 09 09 07 13 10 09 09 09 15 15 08 15 15 
I 10 10 10 09 10 10 10 09 09 09 09 09 09 09 09 09 | 09 09 09 09 09 09 09 09 09 09 07 07 07 07 07 07 I 09 09 09 09 09 09 09 09 09 09 09 09 09 09 09 09 | 09 09 09 09 09 10 06 06 09 09 15 15 15 15 15 15 
I 10 10 09 09 10 10 10 09 09 09 09 09 09 09 09 09 | 09 09 09 09 09 09 09 09 09 09 07 07 07 07 07 07 I 06 07 09 09 09 09 09 09 09 09 09 09 09 09 09 09 | 09 09 09 09 09 09 10 13 07 15 15 08 15 15 15 15 
I 10 10 09 09 10 10 10 09 09 09 09 09 09 09 09 09 | 09 09 09 09 09 09 09 09 09 09 09 07 07 07 07 07 I 07 06 07 09 09 09 09 09 09 09 09 09 09 09 09 09 | 09 09 09 09 09 09 09 07 08 15 15 15 15 15 15 15 
I 10 09 09 09 10 10 10 09 09 09 09 09 09 09 09 09 | 09 09 09 09 09 09 09 09 09 09 09 09 07 07 07 07 I 07 07 06 06 07 09 09 09 09 09 09 09 09 09 09 09 | 09 09 09 09 09 09 09 08 15 15 15 15 15 15 15 08 
I 09 09 09 09 10 10 10 09 09 09 09 09 09 09 09 09 | 09 09 09 09 09 09 09 09 09 09 09 09 07 07 07 07 I 07 06 06 06 13 07 09 09 09 09 09 09 09 09 09 09 | 09 09 09 09 09 09 09 15 15 15 15 15 15 08 08 09 
I 09 09 09 09 10 10 10 09 09 09 09 09 09 09 09 09 | 09 09 09 09 09 09 09 09 09 09 09 09 07 07 07 06 I 06 06 06 06 06 13 09 09 09 09 09 09 09 09 15 09 | 09 09 09 09 09 09 15 15 08 15 15 15 15 08 09 09 
I 09 09 09 09 10 10 10 09 09 09 09 09 09 09 09 09 | 09 09 09 09 09 09 09 09 09 09 09 09 09 07 06 06 I 06 06 06 06 06 06 13 14 09 09 09 09 09 09 15 08 | 09 09 09 09 09 08 15 08 15 15 15 15 08 09 09 07 
I 09 09 09 09 10 10 10 09 09 09 09 09 09 09 09 09 | 09 09 09 09 09 09 09 09 09 09 09 09 07 07 07 07 I 06 06 06 06 06 06 06 13 08 09 09 09 09 09 08 15 | 09 09 09 09 09 15 08 08 15 15 15 15 09 09 07 07 
I 09 09 09 09 10 10 10 09 09 09 09 09 09 09 09 09 | 09 09 09 09 09 09 09 09 09 09 09 07 07 07 07 06 I 06 06 06 06 06 06 06 13 06 09 09 09 09 09 08 15 | 08 06 06 06 15 15 08 15 15 15 15 08 09 09 07 07 
I 09 09 09 09 10 10 10 09 09 09 09 09 09 09 09 09 | 09 09 09 09 09 09 09 09 09 07 07 07 07 07 07 07 I 07 07 06 06 06 06 06 06 13 09 09 10 09 09 15 14 | 06 06 06 13 08 15 08 15 15 15 08 09 09 07 07 07 
-------------------------------------------------------------------------------------------------------------------------------------------------------------------------------------------------------
I 09 09 09 09 10 10 10 09 09 09 09 09 09 09 09 10 | 09 09 09 09 09 09 09 09 09 07 07 07 07 07 07 07 I 07 07 06 06 06 07 06 06 06 06 09 09 09 09 07 06 | 06 06 06 13 08 15 15 15 15 15 09 09 07 09 09 09 
I 09 09 09 09 10 10 10 09 09 09 09 09 09 09 09 10 | 09 09 09 09 09 09 09 09 09 09 07 07 07 07 07 07 I 07 07 07 07 07 07 06 06 06 06 07 09 07 06 06 06 | 06 06 06 13 08 15 15 15 15 08 07 07 07 09 09 09 
I 09 09 09 09 10 10 10 09 09 09 09 09 09 09 09 10 | 09 09 09 09 09 09 09 09 09 09 07 07 07 07 07 07 I 07 07 07 07 07 07 07 07 07 07 07 07 06 06 06 06 | 06 06 06 06 15 15 15 15 08 09 09 07 07 07 09 09 
I 09 09 09 09 10 10 10 09 09 09 09 09 09 09 09 10 | 09 09 09 09 09 09 09 09 09 09 09 07 07 07 07 07 I 07 07 07 07 07 07 07 07 07 07 06 06 06 06 06 06 | 06 07 07 14 15 15 15 15 09 09 07 07 07 07 07 07 
I 09 09 09 09 10 10 10 09 09 09 09 09 09 09 09 10 | 10 09 09 09 09 09 09 09 09 09 09 07 07 07 07 07 I 07 07 07 07 07 07 07 07 07 06 06 07 06 06 06 06 | 07 09 07 08 15 15 15 08 09 09 07 07 07 07 07 07 
I 09 09 09 09 10 10 10 09 09 09 09 09 09 09 09 11 | 10 10 09 09 09 09 09 09 09 09 09 09 08 08 09 09 I 07 07 07 09 09 07 07 07 06 07 07 06 06 06 06 06 | 09 09 07 15 15 15 08 09 09 07 07 09 07 09 07 09 
I 09 09 09 09 10 10 10 09 09 09 09 09 09 09 09 07 | 10 09 09 09 09 09 09 09 09 09 09 09 08 08 08 08 I 08 08 08 15 08 07 07 06 06 07 06 06 06 07 07 09 | 09 07 08 15 15 15 08 09 07 07 07 07 07 09 09 09 
I 09 09 09 09 10 10 10 09 09 09 09 09 09 09 09 07 | 10 09 09 09 09 09 09 09 09 09 09 08 08 08 08 08 I 08 15 15 08 07 07 06 07 07 06 06 06 07 09 09 09 | 07 08 15 15 15 15 09 09 07 07 07 07 07 09 09 09 
I 09 09 09 09 10 10 10 09 09 09 09 09 09 09 09 10 | 11 10 09 09 09 09 09 09 09 08 08 08 15 08 08 08 I 08 08 09 07 07 07 07 07 07 07 14 08 08 09 10 07 | 08 15 08 15 15 08 09 07 07 07 07 07 07 07 07 09 
I 09 09 09 09 10 10 10 09 09 09 09 09 09 09 09 09 | 07 10 09 09 09 09 09 09 08 08 08 08 08 08 08 08 I 08 08 07 07 07 07 07 07 07 07 08 08 08 07 07 08 | 15 08 15 15 15 08 09 07 07 07 07 07 07 07 07 09 
I 09 09 09 09 10 10 10 09 09 09 09 09 09 09 09 09 | 07 07 09 09 09 09 09 08 08 08 15 08 08 15 15 08 I 08 07 07 07 07 07 07 07 07 07 09 08 08 07 08 15 | 08 08 15 15 08 09 09 07 07 07 07 07 07 07 07 09 
I 09 09 09 09 10 10 10 09 09 09 09 09 09 09 09 09 | 07 10 09 09 09 09 08 08 15 08 08 08 08 15 15 09 I 07 07 07 07 07 07 07 06 06 06 09 08 08 07 08 15 | 08 08 15 15 08 09 09 07 07 07 07 07 07 07 07 09 
I 09 09 09 09 10 10 10 09 09 09 09 09 09 09 09 09 | 09 09 09 09 09 08 08 08 15 15 08 08 08 15 09 07 I 07 07 07 07 07 07 07 06 06 06 07 09 15 09 08 15 | 08 08 15 15 09 09 07 09 09 09 07 07 07 07 09 09 
I 09 09 09 09 10 10 10 09 09 09 09 09 09 09 09 09 | 09 09 09 09 08 08 15 08 08 15 08 08 08 09 07 07 I 07 07 07 07 07 07 07 06 06 06 06 09 15 08 08 15 | 08 15 15 08 09 07 07 07 07 09 09 09 09 09 09 09 
I 09 09 09 09 10 10 10 09 09 09 09 09 09 09 09 09 | 09 09 09 09 08 08 15 08 15 15 08 15 08 07 07 07 I 07 09 09 09 07 07 07 07 07 06 07 09 15 08 08 15 | 08 15 15 08 09 07 07 07 07 07 07 09 09 09 09 09 
I 09 09 09 09 10 10 10 09 09 09 09 09 09 09 09 09 | 09 08 09 08 08 08 15 08 15 15 08 08 09 07 07 07 I 09 09 09 09 09 07 07 07 07 09 09 09 15 08 08 15 | 08 15 08 09 09 07 09 09 07 07 09 07 07 07 09 09 
=======================================================================================================================================================================================================
I 09 09 09 09 10 10 10 09 09 09 09 09 09 09 09 09 | 09 08 08 08 08 15 08 15 08 15 15 09 07 06 07 09 I 08 08 08 08 09 09 07 06 09 08 08 08 15 08 08 08 | 15 15 08 09 09 10 09 09 09 09 09 09 07 09 09 09 
I 09 09 09 09 10 10 10 09 09 09 09 09 09 09 07 09 | 08 08 08 08 08 15 15 08 15 15 08 07 07 07 09 08 I 08 08 06 09 09 09 07 07 08 08 09 15 15 08 08 08 | 15 15 08 09 09 09 09 09 09 09 09 09 09 09 09 09 
I 09 09 09 09 10 10 10 09 09 09 09 09 08 09 09 08 | 08 08 08 08 08 08 15 15 15 15 09 07 07 09 09 09 I 09 09 07 09 09 09 07 07 09 09 09 08 15 08 08 08 | 15 08 09 09 09 09 09 09 09 09 09 09 09 09 07 07 
I 09 09 09 09 10 10 10 09 09 09 09 09 09 08 15 08 | 08 08 08 08 08 08 15 15 15 09 07 07 09 09 09 07 I 09 09 07 07 09 09 07 06 09 09 09 09 15 08 09 08 | 15 08 09 09 09 09 09 09 09 09 09 09 07 07 07 07 
I 09 09 08 09 10 10 10 09 09 09 09 08 08 08 08 08 | 08 15 15 08 08 08 15 15 08 09 07 08 09 09 09 07 I 07 07 07 09 09 09 07 06 07 09 09 09 15 08 09 15 | 15 08 09 07 09 09 09 09 09 09 09 07 11 11 10 07 
I 09 09 08 09 10 10 10 09 09 09 09 08 08 08 08 08 | 08 15 15 15 15 09 08 15 09 07 08 08 09 09 09 07 I 07 07 07 09 09 09 07 06 07 09 09 09 15 08 09 08 | 15 09 07 10 09 09 09 09 09 09 09 11 11 11 07 06 
I 08 08 08 09 10 10 10 09 09 09 08 08 08 08 08 08 | 08 15 15 08 08 09 08 15 09 07 15 09 09 09 09 09 I 07 07 07 09 09 09 09 06 07 09 09 08 08 08 09 08 | 15 09 10 10 09 09 09 09 09 09 10 11 11 06 06 06 
I 08 08 08 09 10 10 10 09 09 09 08 08 08 08 08 08 | 08 15 15 08 09 08 15 09 07 08 15 09 09 09 09 09 I 09 07 09 09 09 09 09 06 07 09 09 15 08 15 09 08 | 08 09 09 09 09 09 09 09 09 10 11 11 07 06 06 06 
I 09 09 08 09 10 10 10 09 09 09 09 08 08 08 08 08 | 08 15 08 15 08 15 08 07 08 15 08 09 09 09 09 09 I 09 09 09 09 09 09 09 07 09 09 08 15 08 15 08 08 | 09 10 09 09 09 09 09 09 09 10 11 07 06 06 06 06 
I 09 09 08 09 10 10 10 09 09 09 09 08 08 08 08 08 | 14 08 08 15 08 08 09 09 15 15 08 09 09 09 09 09 I 09 09 09 09 09 09 07 07 09 09 15 15 08 15 08 09 | 09 10 09 09 09 09 09 09 09 10 11 06 06 06 06 06 
I 09 09 08 09 10 10 10 09 09 09 09 08 08 15 08 08 | 08 08 08 08 07 07 09 08 15 08 08 09 09 09 09 09 I 09 09 09 09 09 07 06 07 09 08 15 08 08 08 08 09 | 09 10 09 09 09 09 09 09 09 11 07 06 06 06 06 06 
I 08 08 08 09 07 10 10 09 09 09 09 08 08 08 08 08 | 08 08 08 07 07 09 08 15 08 08 08 08 09 09 09 09 I 09 09 09 09 09 09 09 09 09 15 15 08 08 08 08 09 | 09 09 09 09 09 09 09 09 09 11 06 06 06 06 06 06 
I 08 08 08 09 10 10 10 09 09 09 08 08 15 08 08 08 | 08 08 08 07 09 09 15 15 15 08 08 08 09 09 09 09 I 09 09 09 09 09 07 09 09 08 15 15 08 08 08 08 09 | 09 10 09 09 09 09 09 09 09 06 06 06 06 06 06 06 
I 08 08 08 09 10 10 07 09 09 09 08 08 15 08 14 08 | 08 08 08 07 09 15 15 15 15 08 08 08 09 09 09 09 I 09 09 09 09 09 09 09 09 15 15 15 08 08 08 08 09 | 09 09 09 09 09 09 09 09 10 06 06 06 06 06 06 06 
I 15 15 09 09 09 10 10 09 09 08 08 08 15 08 08 14 | 08 08 08 07 08 15 08 15 15 08 08 08 08 09 09 09 I 09 09 09 09 07 07 09 08 15 15 15 08 09 08 08 09 | 10 07 09 09 09 09 09 09 10 06 06 06 06 06 06 06 
I 15 15 08 09 09 10 10 09 09 08 08 08 15 08 08 08 | 14 08 08 08 15 15 08 15 15 15 08 08 08 08 08 09 I 09 09 09 07 07 07 09 15 15 08 15 08 09 08 08 09 | 09 09 07 07 09 09 09 09 07 06 06 06 06 06 07 10 
-------------------------------------------------------------------------------------------------------------------------------------------------------------------------------------------------------
I 15 15 08 09 10 10 10 09 08 08 08 08 08 15 14 08 | 08 14 14 08 08 15 08 15 15 15 15 08 08 08 09 09 I 09 09 09 07 07 07 09 08 15 15 15 08 08 08 08 09 | 09 09 09 09 09 09 09 09 07 06 06 06 06 10 08 15 
I 08 15 08 09 09 10 07 07 08 08 15 08 08 08 08 08 | 08 08 08 08 14 08 08 08 15 15 15 08 08 08 09 09 I 09 09 09 09 09 07 07 06 07 08 15 08 08 08 08 09 | 09 09 09 09 09 09 09 08 07 11 06 06 09 08 08 09 
I 14 08 08 08 09 10 07 09 09 08 15 08 08 08 08 08 | 08 08 08 14 08 08 08 08 15 15 15 08 08 08 09 09 I 09 09 09 09 09 07 07 07 06 06 14 15 08 08 08 09 | 09 09 09 09 09 08 09 09 07 06 06 09 08 08 09 09 
I 14 07 08 08 09 10 10 07 08 15 15 08 08 08 08 08 | 08 08 08 14 08 08 08 15 08 15 08 08 09 08 09 09 I 09 09 09 09 09 07 07 07 07 06 06 14 15 08 08 09 | 09 09 09 09 09 09 09 09 06 06 07 08 09 09 09 09 
I 08 07 14 08 09 07 10 10 08 15 15 15 15 08 15 08 | 08 08 08 14 14 08 08 15 08 15 08 15 09 08 09 09 I 09 09 09 09 09 07 07 07 07 07 06 13 08 15 09 09 | 09 09 09 09 09 09 09 10 06 06 09 09 09 09 09 09 
I 15 14 14 08 09 10 10 10 08 15 15 15 08 08 15 08 | 08 08 08 08 14 08 08 15 08 15 15 08 09 09 09 09 I 09 09 09 09 09 09 07 07 07 07 06 06 07 15 09 09 | 09 09 09 09 09 09 10 07 06 11 09 09 09 09 09 09 
I 15 14 07 08 09 10 10 10 08 15 15 15 08 08 15 15 | 15 08 08 08 14 14 08 15 08 15 15 09 09 09 09 09 I 09 09 09 09 09 09 07 07 07 07 06 06 06 08 09 10 | 09 09 09 09 09 09 06 06 06 10 09 09 09 09 09 08 
I 15 14 07 08 09 10 10 10 08 15 15 15 08 08 15 15 | 15 08 08 14 08 08 08 08 08 08 08 09 09 09 09 09 I 09 09 09 09 09 09 07 07 07 07 06 06 13 08 09 07 | 09 09 09 09 09 10 06 06 11 09 09 09 09 09 09 08 
I 15 08 07 08 09 10 10 10 08 15 15 15 15 15 15 15 | 15 08 08 14 08 08 15 08 08 15 08 09 09 09 09 09 I 09 09 09 09 09 09 09 07 07 07 06 06 06 07 09 09 | 09 09 09 09 09 09 10 06 10 09 09 09 09 09 08 08 
I 15 08 07 08 09 10 10 10 08 15 15 15 15 08 15 15 | 15 08 08 08 08 08 08 15 15 15 09 09 09 09 09 09 I 09 09 09 09 09 09 09 07 07 07 06 06 06 06 09 09 | 09 09 09 09 09 09 10 06 10 09 09 09 09 09 08 08 
I 15 08 07 08 09 10 10 10 08 15 15 15 15 15 15 15 | 15 08 14 08 08 08 15 15 15 08 09 09 08 09 09 09 I 09 09 09 09 09 09 09 10 07 07 07 06 06 06 09 09 | 09 08 08 08 09 10 10 11 09 09 09 09 09 08 08 08 
I 08 08 07 08 09 10 10 10 08 15 15 15 15 15 08 15 | 15 15 08 14 08 15 15 15 15 09 09 08 09 09 09 09 I 09 09 09 09 09 09 09 09 07 07 07 06 06 06 07 09 | 09 09 08 15 09 10 11 10 08 08 09 09 08 08 08 08 
I 08 08 07 08 09 10 10 10 08 15 15 15 15 15 08 15 | 15 08 08 08 08 15 15 15 09 09 09 09 09 09 09 09 I 09 09 09 09 09 09 09 09 10 07 07 07 06 06 06 09 | 09 09 08 08 09 11 10 08 08 09 09 08 08 08 08 08 
I 08 08 07 08 09 10 10 10 08 15 15 08 15 08 08 08 | 15 08 08 08 08 15 15 15 08 09 09 09 09 09 09 09 I 09 09 09 09 09 09 09 09 09 07 07 07 06 06 06 09 | 09 09 08 09 09 09 08 08 08 09 08 08 08 08 08 08 
I 15 08 07 07 09 10 07 09 15 15 15 08 15 08 08 08 | 08 08 08 08 08 15 15 09 09 09 09 09 09 09 09 09 I 09 09 09 09 09 09 09 09 09 07 07 07 07 06 06 09 | 08 09 09 09 09 09 09 09 08 08 08 08 08 08 08 08 
I 15 08 06 07 09 10 10 09 15 15 08 08 08 08 08 08 | 08 08 08 08 08 08 09 09 09 09 09 09 09 09 09 09 I 09 09 09 09 09 09 09 09 09 07 07 07 07 06 06 07 | 08 09 09 09 09 09 09 09 08 08 08 09 08 15 15 09 
