=======================================================================================================================================================================================================
I 01 01 01 01 01 01 01 14 11 14 14 14 14 14 14 14 | 14 14 14 14 14 14 14 14 14 14 14 14 14 14 14 14 I 14 14 14 14 14 14 14 14 14 01 01 01 01 01 01 01 | 01 01 01 13 01 14 14 14 14 14 14 14 14 14 14 14 
I 01 01 01 01 01 01 01 14 11 14 14 14 14 14 14 14 | 14 14 14 14 14 14 14 14 14 14 14 14 14 14 14 14 I 14 14 14 14 14 14 14 14 14 14 01 01 01 01 01 01 | 01 01 01 13 13 14 14 14 14 14 14 14 14 14 14 12 
I 01 01 01 01 01 01 01 14 11 14 14 14 14 14 14 14 | 14 14 14 14 14 14 14 14 14 14 14 14 14 14 14 14 I 14 14 14 14 14 14 14 14 14 14 01 01 01 01 01 01 | 01 01 14 01 13 13 14 14 14 14 14 14 14 11 12 12 
I 01 01 01 01 01 01 01 14 11 11 14 14 14 14 14 14 | 14 14 14 14 14 14 14 14 14 14 14 14 14 14 14 14 I 14 14 14 14 14 14 14 14 14 14 01 01 01 01 01 01 | 01 01 01 14 13 13 01 14 14 14 14 14 11 12 12 12 
I 01 01 01 01 01 01 01 14 11 14 14 14 14 14 14 14 | 14 14 14 14 14 14 14 14 14 14 14 14 14 14 14 14 I 14 14 14 14 14 14 14 14 14 14 14 01 01 01 01 01 | 01 01 01 14 01 13 13 14 14 14 14 11 12 12 12 12 
I 01 01 01 01 01 01 01 14 11 14 14 14 14 14 14 14 | 14 14 14 14 14 14 14 14 14 14 14 14 14 14 14 14 I 14 14 14 14 14 14 14 14 14 14 14 01 01 01 01 01 | 01 01 14 14 14 13 13 01 14 14 11 12 12 12 12 12 
I 01 01 01 14 01 01 01 14 11 11 14 14 14 14 14 14 | 14 14 14 14 14 14 14 14 14 14 01 01 01 01 01 01 I 14 14 14 14 14 14 14 14 14 14 14 14 01 01 01 01 | 01 14 14 14 14 01 13 13 14 11 12 12 12 12 12 12 
I 01 01 14 14 01 01 01 14 11 11 11 14 14 14 14 14 | 14 14 14 14 14 14 14 14 14 14 01 01 01 01 01 13 I 13 01 14 14 14 14 14 14 14 14 14 14 14 01 01 14 | 14 14 14 14 14 14 01 13 01 12 12 12 12 12 12 12 
I 01 01 11 14 01 01 01 14 11 11 14 14 14 14 14 14 | 14 14 14 14 14 14 14 14 14 14 14 01 01 01 01 13 I 13 13 13 14 11 14 14 14 14 14 14 01 14 14 14 14 | 14 14 14 14 14 14 01 13 11 12 12 12 12 12 12 12 
I 01 14 11 14 01 01 01 14 11 11 14 14 14 14 14 14 | 14 14 14 14 14 14 14 14 14 14 14 01 01 01 13 13 I 13 13 13 13 01 14 14 14 14 14 01 01 01 14 14 14 | 14 14 14 14 14 14 01 11 12 12 12 12 12 12 12 11 
I 14 11 11 14 01 01 01 14 11 11 14 14 14 14 14 14 | 14 14 14 14 14 14 14 14 14 14 14 14 01 13 13 01 I 13 13 13 13 13 01 11 14 14 14 14 01 01 14 11 14 | 14 14 14 14 14 01 14 12 12 12 12 12 12 11 11 01 
I 14 11 11 14 01 01 01 14 11 11 14 14 14 14 14 14 | 14 14 14 14 14 14 14 14 14 14 14 14 01 01 01 13 I 13 13 13 13 13 13 14 11 11 14 14 01 01 14 12 14 | 14 14 14 14 01 14 12 12 12 12 12 12 12 14 14 14 
I 11 11 11 14 01 01 01 14 11 11 14 14 14 14 14 14 | 14 14 14 14 14 14 14 14 14 14 14 14 01 01 13 13 I 13 13 13 13 13 13 13 14 11 14 14 01 01 14 12 11 | 14 14 14 14 01 11 12 12 12 12 12 12 11 14 01 01 
I 11 11 11 14 01 01 01 14 11 11 14 14 14 14 14 14 | 14 14 14 14 14 14 14 14 14 14 14 14 01 13 13 13 I 13 13 13 13 13 13 13 13 14 11 14 01 01 14 12 12 | 11 14 14 01 14 12 12 12 12 12 12 12 14 14 01 01 
I 11 11 11 14 01 01 01 14 11 11 11 11 14 14 14 14 | 14 11 14 14 14 14 14 14 14 14 14 13 13 13 13 13 I 13 13 13 13 13 13 13 13 13 11 14 01 01 14 12 12 | 14 13 13 13 12 12 12 12 12 12 12 14 01 01 01 01 
I 11 11 11 14 01 01 01 14 11 11 11 11 14 14 14 01 | 14 11 14 14 14 14 14 14 14 01 01 01 01 01 13 13 I 13 13 13 13 13 13 13 13 13 14 14 01 01 14 12 14 | 13 13 13 13 14 12 12 12 12 12 11 01 01 01 01 01 
-------------------------------------------------------------------------------------------------------------------------------------------------------------------------------------------------------
I 11 11 11 14 01 01 01 14 11 11 14 14 14 14 14 01 | 14 11 14 14 14 14 14 14 01 01 01 01 13 13 13 01 I 13 13 13 13 13 13 13 13 13 13 01 01 14 14 01 13 | 13 13 13 13 14 12 12 12 12 12 14 01 01 01 01 01 
I 14 14 11 14 01 01 01 14 11 11 14 14 11 14 14 01 | 14 14 14 14 14 14 14 14 01 14 01 01 01 01 01 01 I 13 13 13 13 13 13 13 13 13 13 13 01 01 13 13 13 | 13 13 13 13 11 12 12 12 12 14 01 01 01 01 01 01 
I 14 11 11 14 01 01 01 14 11 11 11 11 11 11 14 13 | 14 14 14 14 14 14 14 14 14 01 01 01 01 01 01 01 I 01 13 13 01 13 13 13 13 13 01 13 13 13 13 13 13 | 13 13 13 13 12 12 12 12 11 14 01 01 01 01 01 01 
I 11 11 11 14 01 01 01 14 11 11 11 11 11 11 14 13 | 01 14 14 14 14 14 14 14 01 14 01 01 01 01 01 01 I 01 01 01 01 13 01 01 01 01 01 13 13 13 13 13 13 | 13 01 13 14 12 12 12 12 14 01 01 01 01 01 01 01 
I 11 11 11 14 01 01 01 14 11 11 11 11 11 11 14 13 | 01 14 14 14 14 14 14 14 14 14 01 01 01 01 01 01 I 01 01 01 01 01 01 01 01 13 13 13 13 13 13 13 13 | 01 01 01 14 12 12 12 14 01 01 01 01 01 01 01 01 
I 11 11 11 14 01 01 01 14 11 11 11 11 11 11 14 13 | 01 01 14 14 14 14 14 14 14 14 14 14 14 14 14 14 I 01 01 01 14 14 01 01 13 13 13 13 13 13 13 13 13 | 14 14 01 12 12 12 12 14 01 01 01 01 01 01 01 01 
I 14 14 14 14 01 01 01 14 11 11 11 11 11 11 14 13 | 01 14 14 14 14 14 14 14 14 14 14 14 14 14 14 14 I 14 14 11 12 14 13 13 13 13 13 13 13 13 13 01 14 | 11 13 14 12 12 12 11 01 01 01 01 01 01 01 01 01 
I 14 11 11 14 01 01 01 14 11 11 11 11 11 11 11 13 | 01 14 14 14 14 14 14 14 14 14 14 14 11 11 14 14 I 14 11 12 14 01 13 13 13 13 13 13 13 01 14 11 14 | 13 14 12 12 12 12 14 01 01 01 01 01 01 01 01 01 
I 14 14 11 14 01 01 01 14 11 11 11 11 11 14 11 01 | 13 01 14 14 14 14 14 14 14 14 11 11 12 11 11 14 I 11 11 14 13 13 01 01 13 13 13 01 14 14 01 01 13 | 14 12 12 12 12 11 14 01 01 01 01 01 01 01 01 01 
I 14 14 11 14 01 01 01 14 11 11 11 11 11 14 11 14 | 13 01 14 14 14 14 14 14 11 11 11 11 11 11 11 11 I 14 14 13 13 01 01 01 01 13 01 11 14 14 01 01 11 | 12 12 12 12 12 14 14 01 01 01 01 01 01 01 01 01 
I 14 14 11 14 01 01 01 14 11 11 11 11 11 14 14 11 | 01 13 14 14 14 14 14 14 11 11 12 11 11 12 12 11 I 14 01 13 01 01 01 01 13 13 13 14 11 14 01 11 12 | 12 12 12 12 11 14 14 01 01 01 01 01 01 01 01 01 
I 14 14 11 14 01 01 01 14 11 11 11 14 11 14 14 11 | 01 01 14 14 14 14 11 11 12 11 11 11 14 12 12 14 I 14 01 01 01 01 01 13 13 13 13 01 12 11 14 12 12 | 12 12 12 12 14 14 01 01 01 01 01 01 01 01 01 01 
I 14 14 11 14 01 01 01 14 11 11 14 14 11 14 14 14 | 14 01 14 14 14 11 12 11 12 12 11 11 11 12 14 13 I 01 01 01 01 01 13 13 13 13 13 13 11 12 14 11 12 | 12 12 12 12 14 01 01 01 01 01 01 01 01 01 01 01 
I 14 14 11 14 01 01 01 14 11 11 14 14 14 14 14 14 | 14 14 14 14 11 11 12 11 11 12 11 11 11 14 01 13 I 01 01 01 01 13 13 13 13 13 13 13 11 12 14 11 12 | 11 12 12 11 14 01 01 01 01 01 14 14 14 01 01 01 
I 14 14 11 14 01 01 01 14 11 11 14 14 14 14 14 14 | 14 14 14 14 11 11 12 11 12 12 11 12 11 01 01 13 I 01 14 14 01 13 13 13 13 13 13 13 11 12 14 14 12 | 11 12 12 14 14 01 01 01 01 01 01 01 14 14 14 14 
I 14 14 11 14 01 01 01 14 11 11 14 14 11 11 14 01 | 14 14 14 11 11 11 12 11 12 12 11 11 01 13 13 01 I 14 14 14 11 14 01 13 13 13 14 14 11 12 14 14 12 | 12 12 12 14 01 01 01 01 01 01 01 01 01 01 14 14 
=======================================================================================================================================================================================================
I 14 14 11 14 01 01 01 14 11 11 11 11 11 14 14 01 | 14 11 11 14 14 11 11 12 11 12 12 14 01 13 01 11 I 12 12 11 11 14 14 13 13 14 11 11 11 12 14 14 12 | 12 12 11 14 01 01 01 01 01 01 01 01 01 01 14 14 
I 11 11 11 11 01 01 01 14 11 11 11 14 11 14 13 14 | 12 11 11 11 14 12 12 11 12 12 11 01 13 01 14 11 I 11 14 13 14 14 14 13 01 11 14 14 12 12 14 14 11 | 12 12 14 01 01 01 01 01 01 01 01 01 14 14 14 14 
I 14 14 11 11 01 01 13 14 11 11 14 11 14 14 14 11 | 14 11 11 14 14 11 12 12 12 12 14 13 01 14 14 14 I 14 14 13 01 14 14 13 13 14 14 11 12 12 11 14 11 | 12 12 14 01 01 01 01 01 01 01 14 14 14 14 01 01 
I 14 11 11 11 01 01 13 14 11 11 14 14 14 14 12 11 | 14 11 11 14 14 11 12 12 12 14 01 01 14 14 01 01 I 01 14 01 01 14 14 13 13 01 14 14 11 12 11 14 12 | 12 11 14 01 01 01 01 01 01 14 14 14 01 01 13 01 
I 11 11 11 11 01 01 13 14 11 11 14 14 14 11 11 14 | 14 12 11 14 14 14 12 12 11 14 13 11 11 14 01 13 I 13 13 13 01 14 14 13 13 01 14 14 11 12 11 14 12 | 12 11 14 01 01 01 01 14 14 14 14 01 13 13 01 13 
I 11 11 11 11 01 01 01 14 11 11 14 14 14 11 11 14 | 11 12 12 12 12 14 11 12 14 13 14 12 14 14 14 01 I 13 13 01 01 14 14 13 13 01 14 14 11 12 11 14 12 | 12 14 01 01 01 01 14 14 14 14 14 13 01 13 13 13 
I 11 11 12 11 01 01 01 14 11 14 14 14 14 14 14 14 | 14 12 12 11 11 14 11 12 01 01 12 11 14 14 14 01 I 01 13 01 14 14 14 01 13 01 14 14 12 12 12 14 11 | 12 14 01 01 01 01 14 14 14 14 01 13 01 13 13 13 
I 11 11 12 11 01 01 13 14 11 14 14 11 14 11 14 14 | 14 12 12 11 14 11 12 14 01 11 12 11 14 14 14 01 I 01 01 01 14 14 14 14 13 01 14 14 12 11 12 14 11 | 11 01 01 01 01 01 01 14 14 01 13 01 13 13 13 13 
I 11 11 12 11 01 01 13 14 11 11 14 11 14 14 11 14 | 14 12 12 12 11 12 11 13 14 12 12 11 14 14 14 14 I 01 01 01 14 14 14 14 13 01 14 11 12 11 12 14 14 | 11 01 01 01 01 01 14 14 14 01 13 13 13 13 13 13 
I 11 11 11 14 01 01 13 01 11 11 14 11 11 11 11 14 | 14 11 14 12 11 14 14 14 12 12 12 14 14 14 14 14 I 14 01 01 01 14 14 13 13 01 14 12 12 11 12 14 14 | 14 01 01 01 01 14 14 14 14 01 13 13 13 13 13 13 
I 11 11 11 14 01 01 13 01 11 14 14 11 14 11 11 11 | 14 14 11 11 14 01 14 11 12 12 12 14 14 14 14 14 I 14 01 01 01 01 13 13 13 14 11 12 12 11 12 11 14 | 14 01 01 01 14 14 14 14 14 13 13 13 13 13 13 13 
I 12 11 11 14 01 01 13 01 11 14 14 11 11 11 14 14 | 11 14 14 01 01 14 11 12 12 12 12 11 14 14 14 14 I 14 14 14 14 14 14 14 14 14 12 12 11 11 12 11 14 | 14 01 01 14 14 14 14 14 14 13 13 13 13 13 13 13 
I 12 12 11 14 01 01 13 01 14 14 14 11 12 11 14 14 | 14 14 14 01 14 14 12 12 12 12 12 11 11 14 14 14 I 14 14 14 14 14 13 14 14 11 12 12 12 11 12 11 14 | 01 01 01 01 14 14 14 14 01 13 13 13 13 13 13 13 
I 12 12 11 14 01 01 13 01 11 14 11 11 11 11 14 14 | 14 14 14 01 14 12 12 12 12 12 12 11 11 14 14 14 I 14 14 14 14 14 14 01 14 12 12 12 12 11 11 11 01 | 01 01 01 01 01 14 14 14 01 13 13 13 13 13 13 13 
I 12 12 11 14 01 01 13 01 11 14 11 11 12 11 14 14 | 14 14 14 01 11 12 12 12 12 12 12 12 12 11 14 14 I 14 14 14 01 01 01 01 11 12 12 12 11 11 11 11 01 | 01 01 01 01 01 14 14 14 01 13 13 13 13 13 13 13 
I 12 12 11 14 01 01 13 01 11 11 11 11 11 11 14 14 | 14 14 14 14 12 12 12 12 12 12 12 12 12 12 12 11 I 14 14 01 01 13 13 14 12 12 12 12 11 11 11 11 01 | 01 01 01 01 01 14 14 14 01 13 13 13 13 13 13 01 
-------------------------------------------------------------------------------------------------------------------------------------------------------------------------------------------------------
I 12 12 12 14 01 01 01 14 14 14 11 11 11 12 14 14 | 14 14 14 14 11 12 11 12 12 12 12 12 12 11 11 14 I 14 14 14 01 01 01 14 11 12 12 12 11 14 11 11 14 | 14 14 14 14 14 14 14 14 01 13 13 13 13 01 11 12 
I 11 12 12 11 01 01 01 01 14 11 12 11 11 11 14 14 | 14 14 14 14 14 11 11 12 12 12 12 12 12 12 14 14 I 14 14 14 14 14 01 13 13 01 14 12 11 11 11 11 14 | 14 14 14 14 14 14 14 14 13 13 13 13 14 12 12 11 
I 14 14 11 12 14 01 01 01 14 11 12 11 11 14 11 14 | 14 14 14 14 14 14 12 12 12 12 12 12 11 12 14 14 I 14 14 14 14 01 01 13 13 13 13 14 12 11 11 11 14 | 14 14 14 14 14 14 14 14 01 13 13 14 12 11 11 11 
I 14 01 14 12 14 01 01 01 14 12 12 11 11 11 11 11 | 11 11 14 14 14 14 11 12 12 12 12 12 11 11 14 14 I 14 14 14 14 01 01 01 13 13 13 13 14 12 11 11 01 | 14 14 14 14 14 14 14 14 13 13 13 11 11 14 14 11 
I 11 01 14 12 14 13 01 01 14 12 12 12 12 11 12 11 | 11 14 14 14 14 14 14 12 12 12 12 12 14 11 14 14 I 14 14 14 14 01 01 01 13 13 13 13 13 14 12 14 01 | 14 14 14 14 14 14 14 01 13 13 14 11 14 14 14 14 
I 12 01 01 12 14 01 01 01 14 12 12 12 11 14 12 11 | 11 14 14 14 14 11 14 12 11 12 12 12 14 11 14 14 I 14 14 14 14 01 01 01 01 13 13 13 13 13 12 14 01 | 14 14 14 14 14 14 01 13 13 13 14 11 14 14 11 14 
I 12 14 01 12 14 13 01 01 11 12 12 12 14 11 12 12 | 12 11 14 14 14 14 14 12 12 12 12 11 14 11 14 14 I 14 14 14 14 01 01 01 01 13 13 13 13 13 11 14 01 | 14 14 14 14 14 14 13 13 13 01 11 14 14 11 14 14 
I 12 14 01 12 14 13 01 01 14 12 12 12 11 11 12 12 | 11 11 14 14 14 14 14 11 11 12 12 14 14 11 14 14 I 14 14 14 14 14 01 01 01 13 13 13 13 13 14 14 01 | 14 14 14 14 14 01 13 13 13 14 14 14 14 14 14 11 
I 12 14 01 11 14 13 01 01 14 12 12 12 12 12 12 12 | 11 11 14 14 14 14 12 12 11 12 11 14 14 11 14 14 I 14 14 14 14 14 01 01 01 01 13 13 13 13 01 14 01 | 14 14 14 14 14 01 01 13 01 14 14 11 11 14 14 14 
I 12 14 01 11 14 01 01 01 14 12 12 12 12 11 12 12 | 12 14 11 11 11 14 12 12 12 12 11 14 11 11 14 14 I 14 14 14 14 14 01 01 01 01 13 13 13 13 13 14 11 | 14 14 14 14 01 14 01 13 01 11 11 11 14 14 14 11 
I 12 14 01 14 14 01 01 01 14 12 12 12 12 11 12 12 | 12 11 14 11 11 12 12 12 12 11 14 14 11 14 14 14 I 14 14 14 14 14 14 01 01 01 13 13 13 13 13 14 11 | 11 11 11 14 14 01 01 13 14 11 11 14 14 14 14 12 
I 11 14 01 14 14 01 01 01 14 12 12 12 12 12 11 12 | 12 12 14 14 14 12 12 12 12 11 14 11 11 14 14 14 I 14 14 14 14 14 14 01 01 01 01 13 13 13 13 01 11 | 14 11 12 12 14 01 13 01 12 11 11 14 11 14 11 12 
I 14 14 01 14 14 01 01 01 11 12 12 12 12 11 11 12 | 12 11 11 14 14 12 12 12 11 11 11 11 14 14 14 14 I 14 14 14 14 14 14 14 01 01 01 13 13 13 13 13 14 | 14 14 11 12 14 13 14 11 12 11 14 11 14 14 11 11 
I 11 14 01 14 14 01 13 01 11 12 12 11 12 11 11 14 | 11 11 11 14 11 12 12 12 11 11 14 14 14 14 14 14 I 14 14 14 14 14 14 14 14 01 01 01 13 13 13 13 14 | 11 14 14 14 14 14 11 11 11 14 11 11 14 14 11 12 
I 12 11 01 01 14 01 13 14 12 12 12 11 11 11 11 14 | 11 11 11 14 14 12 12 11 14 14 14 14 14 14 14 14 I 14 14 14 14 14 14 14 01 01 01 01 13 13 13 13 14 | 11 14 14 14 14 14 14 11 14 11 11 14 14 11 12 12 
I 12 11 13 01 14 01 13 14 12 12 11 11 11 14 11 14 | 14 11 11 11 14 11 11 11 14 14 14 14 14 14 14 14 I 14 14 14 14 14 01 14 01 01 01 01 13 13 13 13 01 | 11 14 14 14 14 14 14 11 11 11 14 14 14 12 12 11 
