=======================================================================================================================================================================================================
I 03 03 03 03 03 03 03 01 14 01 01 01 01 01 01 01 | 01 01 01 01 01 01 01 01 01 01 01 01 01 01 01 01 I 01 01 01 01 01 01 01 01 01 03 03 01 03 03 03 03 | 03 03 03 13 03 04 01 01 04 01 01 01 01 01 01 04 
I 03 03 03 03 03 03 03 01 01 01 01 01 01 01 01 01 | 01 01 01 01 01 01 01 01 01 01 01 01 01 01 01 01 I 01 01 01 01 01 01 01 01 01 01 03 03 03 03 03 03 | 03 03 03 03 13 04 01 01 01 01 01 01 01 01 04 15 
I 03 03 03 03 03 03 03 01 01 01 01 01 01 01 01 01 | 01 01 01 01 01 01 01 01 01 01 01 01 01 01 01 01 I 01 01 01 01 01 01 01 01 01 01 03 03 03 03 03 03 | 03 03 04 03 13 03 01 01 01 01 01 01 01 14 15 15 
I 03 03 03 03 03 03 03 01 05 01 01 01 01 01 01 01 | 01 01 01 01 01 01 01 01 01 01 01 01 01 01 01 01 I 01 01 01 01 01 01 01 01 01 01 03 03 03 03 03 03 | 03 03 04 01 03 13 03 01 01 01 01 01 05 15 15 05 
I 03 03 03 03 03 03 03 01 05 01 01 01 01 01 01 01 | 01 01 01 01 01 01 01 01 01 01 01 01 01 01 01 01 I 01 01 01 01 01 01 01 01 01 01 01 03 03 03 03 03 | 03 03 03 01 03 13 13 04 01 01 01 05 15 05 05 15 
I 03 03 03 03 03 03 03 01 05 01 01 01 01 01 01 01 | 01 01 01 01 01 01 01 01 01 01 01 04 04 04 01 01 I 01 01 01 01 01 01 01 01 01 01 01 04 03 03 03 03 | 03 03 01 01 01 03 13 03 01 01 05 15 15 05 15 15 
I 03 03 03 01 03 03 03 01 05 01 01 01 01 01 01 01 | 01 01 01 01 01 01 01 01 04 04 03 03 13 03 03 03 I 04 01 01 01 01 01 01 01 01 01 01 01 04 03 03 03 | 01 01 01 01 01 03 13 13 04 05 15 15 05 05 15 15 
I 03 03 01 01 03 03 03 01 05 01 01 01 01 01 01 01 | 01 01 01 01 01 04 04 04 04 04 03 03 03 03 03 13 I 13 03 04 01 01 01 01 01 01 01 01 01 01 04 01 01 | 01 01 01 01 01 01 03 13 03 15 15 05 15 15 15 15 
I 03 03 01 01 03 03 03 01 05 05 01 01 01 01 01 01 | 01 01 01 01 01 01 04 04 04 04 04 03 03 03 03 03 I 13 13 13 04 01 01 01 01 01 01 01 01 01 01 01 01 | 01 01 01 01 01 01 01 03 05 15 05 05 15 15 05 15 
I 03 01 05 01 03 03 03 01 05 01 01 01 01 01 01 01 | 01 01 01 01 01 01 01 04 04 04 04 04 03 03 03 13 I 13 13 13 13 03 01 01 01 01 01 01 03 01 01 01 01 | 01 01 01 01 01 01 03 05 15 05 05 15 05 05 15 05 
I 01 01 05 01 03 03 03 01 05 01 01 01 01 01 01 01 | 01 01 01 01 01 01 01 04 04 04 04 04 03 03 03 03 I 13 13 13 13 13 03 05 01 01 01 01 03 03 01 05 01 | 01 01 01 01 01 03 04 15 05 05 15 05 15 05 05 04 
I 01 05 05 01 03 03 03 01 05 01 01 01 01 01 01 01 | 01 01 01 01 01 01 01 04 04 04 04 04 03 03 03 13 I 13 13 13 13 13 13 14 05 01 01 01 03 03 01 05 01 | 01 01 01 01 01 01 15 15 05 15 05 15 05 14 04 04 
I 05 01 05 01 03 03 03 01 05 01 01 01 01 01 01 01 | 01 01 01 01 01 01 04 04 04 04 04 04 04 03 13 13 I 13 13 13 13 13 13 13 14 05 01 01 03 03 01 15 05 | 01 01 01 01 03 05 15 05 05 15 05 15 05 04 04 03 
I 01 01 05 01 03 03 03 01 05 01 01 01 01 01 01 01 | 01 01 01 01 01 01 04 04 04 04 04 04 03 13 13 13 I 13 13 13 13 13 13 13 13 14 01 01 03 03 01 05 15 | 05 01 01 01 01 15 05 05 05 05 15 05 04 04 03 03 
I 05 01 05 01 03 03 03 01 05 05 01 01 01 01 01 01 | 04 01 01 01 01 01 04 04 04 01 04 03 03 03 03 13 I 13 13 13 13 13 13 13 13 13 05 01 03 03 01 05 15 | 14 13 13 13 05 15 05 05 05 05 15 14 04 03 03 03 
I 05 01 01 01 03 03 03 01 05 05 01 01 01 01 01 04 | 01 01 01 01 01 01 01 01 01 03 03 03 03 03 13 13 I 13 13 13 13 13 13 13 13 13 04 01 03 03 01 15 14 | 13 13 13 13 14 15 05 15 15 15 05 03 04 03 03 03 
-------------------------------------------------------------------------------------------------------------------------------------------------------------------------------------------------------
I 01 01 01 01 03 03 03 01 05 01 01 01 01 01 01 03 | 01 01 01 01 01 01 01 01 04 03 03 03 03 03 03 03 I 03 13 13 13 13 13 13 13 13 13 03 01 01 04 10 13 | 13 13 13 13 14 15 05 15 15 15 04 03 03 03 03 03 
I 01 01 01 01 03 03 03 01 05 01 01 01 01 01 01 03 | 01 01 01 01 01 01 01 04 03 04 03 03 03 03 03 03 I 03 03 13 13 03 13 13 13 13 13 13 01 03 13 13 13 | 13 13 13 13 05 15 15 15 15 14 03 03 03 03 03 03 
I 01 01 01 01 03 03 03 01 05 01 01 01 01 01 01 03 | 01 01 01 01 01 01 04 04 04 03 03 03 03 03 03 03 I 03 03 03 03 13 13 13 13 13 03 13 13 13 13 13 13 | 13 13 13 13 15 15 15 15 05 04 03 03 03 03 03 03 
I 01 01 01 01 03 03 03 01 05 01 01 01 01 01 01 03 | 01 01 01 01 01 01 04 04 04 04 04 03 03 03 03 03 I 03 03 03 03 13 03 03 03 03 03 13 13 13 13 13 13 | 13 03 13 14 15 05 15 05 14 03 03 03 03 03 03 03 
I 01 01 01 01 03 03 03 01 05 01 01 01 01 01 01 03 | 03 01 01 01 01 01 04 04 04 04 04 03 03 03 03 03 I 03 03 03 03 03 03 03 03 03 13 13 13 13 13 13 13 | 03 04 03 14 15 05 15 14 03 03 03 03 03 03 03 03 
I 01 01 01 01 03 03 03 01 05 01 01 01 01 01 01 03 | 03 01 01 01 01 04 01 04 04 04 04 04 14 14 04 04 I 03 03 03 14 04 03 03 13 13 13 13 13 13 13 13 13 | 04 04 03 15 15 05 05 04 03 03 03 03 03 03 03 03 
I 01 01 01 01 03 03 03 01 05 01 01 01 01 01 01 03 | 03 01 01 01 01 01 01 04 04 04 04 14 14 14 11 14 I 14 14 05 15 14 03 13 13 13 13 13 13 13 13 04 04 | 05 03 14 15 05 15 05 03 03 03 03 03 03 03 03 03 
I 01 01 01 01 03 03 03 01 05 01 01 01 01 01 01 03 | 03 01 01 01 01 01 01 04 01 04 14 14 05 05 14 14 I 14 05 15 14 03 13 13 13 13 13 13 13 03 04 05 04 | 03 14 15 05 05 15 14 03 03 03 03 03 03 03 03 03 
I 01 01 01 01 03 03 03 01 05 05 01 01 01 01 01 03 | 03 03 01 01 01 01 01 04 04 14 05 05 15 05 05 14 I 05 05 04 03 13 03 03 03 13 13 14 14 14 04 03 03 | 14 15 05 15 15 05 04 03 03 03 03 03 03 03 03 03 
I 01 01 01 01 03 03 03 01 05 05 01 01 01 01 01 01 | 03 03 01 01 01 04 04 04 05 05 05 05 05 05 05 05 I 14 14 03 13 03 03 03 13 13 03 05 14 14 03 03 05 | 15 05 05 15 15 14 04 03 03 03 03 03 03 03 03 03 
I 01 01 01 01 03 03 03 01 05 05 01 01 01 01 01 01 | 03 03 01 01 04 04 04 14 05 05 05 05 05 05 05 05 I 14 11 13 03 03 03 03 13 13 13 01 05 14 03 05 15 | 05 05 15 15 05 14 04 03 03 03 03 03 03 03 03 03 
I 01 01 01 01 03 03 03 01 05 05 01 01 01 01 01 01 | 03 03 01 01 01 01 05 05 15 05 05 05 14 15 05 14 I 11 03 03 03 03 03 03 13 13 13 03 05 05 04 05 15 | 05 05 15 15 14 04 04 03 03 03 03 03 03 03 03 03 
I 01 01 01 01 03 03 03 01 05 05 01 01 01 01 01 01 | 04 03 01 01 01 05 05 05 05 05 05 05 05 15 04 03 I 11 10 03 03 03 03 13 13 13 13 03 05 15 14 05 15 | 05 05 15 15 14 04 03 04 04 03 03 03 03 03 03 03 
I 01 01 01 01 03 03 03 01 05 01 01 01 01 01 01 01 | 01 01 01 04 05 05 05 05 05 05 05 05 05 14 03 03 I 10 03 03 03 03 03 13 13 13 13 13 01 15 14 05 15 | 05 05 15 05 04 03 03 03 03 03 04 04 04 04 03 03 
I 01 01 01 01 03 03 03 01 05 05 01 01 01 01 01 01 | 01 14 04 14 05 05 05 05 15 05 05 05 05 03 03 03 I 13 04 01 03 03 03 03 13 13 13 13 01 15 14 14 05 | 05 05 15 14 04 03 03 03 03 03 03 04 04 04 04 04 
I 01 01 01 01 03 03 03 01 05 01 01 01 01 01 01 03 | 04 14 01 05 05 05 05 05 05 15 05 05 03 03 03 03 I 01 01 01 01 01 03 03 13 03 04 01 05 15 14 14 05 | 05 15 05 14 04 03 03 03 03 03 03 03 03 04 04 14 
=======================================================================================================================================================================================================
I 01 01 05 01 03 03 03 01 05 05 01 01 01 04 04 03 | 04 05 05 14 14 05 05 15 05 05 15 04 03 13 03 05 I 05 05 05 05 01 01 03 13 04 05 05 05 15 14 14 05 | 05 15 05 04 03 03 03 03 03 03 03 03 03 04 04 14 
I 01 01 05 01 03 03 03 01 05 01 01 01 05 04 03 04 | 05 05 05 05 14 15 05 05 15 15 05 03 13 03 01 05 I 05 14 13 01 01 01 03 03 05 14 14 15 15 14 14 05 | 05 15 14 04 03 03 04 03 03 03 04 04 04 04 14 04 
I 01 01 05 01 03 03 03 01 05 01 01 05 14 04 14 05 | 14 05 05 14 14 05 15 05 15 15 04 13 03 01 01 01 I 01 04 03 03 01 01 13 03 04 04 01 05 15 05 14 05 | 15 05 14 04 03 04 04 03 04 04 04 04 04 04 03 03 
I 01 01 05 01 03 03 03 01 05 01 01 04 14 14 15 05 | 14 05 05 14 14 05 15 15 15 14 03 03 01 01 03 03 I 03 04 03 03 01 01 03 13 03 01 01 05 15 05 14 05 | 15 05 04 03 03 04 04 04 04 04 04 04 03 03 03 03 
I 05 05 05 05 03 03 03 01 05 01 01 14 14 05 05 14 | 14 15 05 14 14 14 05 15 05 04 13 05 01 01 03 03 I 03 03 03 03 01 01 03 13 03 01 01 05 05 05 04 05 | 15 05 04 03 03 04 04 04 04 04 04 03 03 03 03 03 
I 05 05 05 05 03 03 03 01 05 01 01 14 14 05 05 14 | 05 15 15 05 15 14 05 15 14 13 14 05 01 01 01 03 I 03 03 03 03 01 01 03 13 03 01 01 05 05 05 04 05 | 15 04 03 03 04 04 04 04 04 04 04 03 03 03 03 13 
I 05 05 05 05 03 03 03 01 05 14 14 14 14 14 05 14 | 05 15 15 05 05 04 05 15 04 10 15 05 01 01 01 03 I 03 03 03 01 01 01 03 13 03 01 01 05 05 05 04 05 | 05 04 03 03 03 04 04 04 04 04 03 03 03 13 13 13 
I 05 05 05 05 03 03 03 01 05 14 14 05 14 05 14 14 | 14 15 15 05 04 05 15 14 03 05 15 05 01 01 01 01 I 03 03 03 01 01 01 01 13 03 01 01 15 05 15 04 05 | 05 04 03 04 04 04 04 04 04 03 03 03 03 13 13 13 
I 05 05 05 01 03 03 03 01 01 01 01 14 14 14 05 14 | 14 05 05 05 05 15 05 13 14 15 05 05 01 01 01 01 I 03 03 03 01 01 01 01 03 03 01 05 15 05 15 14 14 | 05 03 03 04 04 04 04 04 04 03 03 03 13 13 13 13 
I 05 05 05 01 03 03 03 01 05 01 04 05 05 05 05 14 | 11 05 14 15 05 14 04 14 15 05 05 01 01 01 01 01 I 01 03 03 03 01 01 03 03 01 01 15 05 05 05 14 14 | 04 03 03 04 04 04 04 04 04 03 03 13 13 13 13 13 
I 05 05 05 04 03 03 03 01 05 01 14 14 14 05 05 05 | 14 14 05 05 14 03 14 05 15 05 05 14 01 01 01 01 I 01 01 03 03 03 13 13 03 01 05 15 05 05 05 05 04 | 04 03 03 04 04 04 04 04 04 03 03 13 13 13 13 13 
I 05 05 05 04 03 03 03 01 05 04 14 05 05 05 14 14 | 05 14 05 03 03 04 05 15 05 05 05 05 01 01 01 01 I 01 01 01 01 01 01 01 01 01 05 15 05 05 05 05 04 | 04 03 04 04 04 04 04 04 04 03 13 13 13 13 13 13 
I 05 05 05 04 03 03 03 03 14 01 14 05 05 05 14 14 | 14 14 14 03 04 14 15 15 05 05 05 05 01 01 01 01 I 01 01 01 01 01 03 01 01 05 15 15 05 05 05 05 04 | 04 03 04 04 04 04 04 04 04 13 13 13 13 13 13 13 
I 05 05 05 01 03 03 03 03 05 14 05 05 05 05 11 14 | 14 14 14 03 04 05 05 05 05 05 05 05 05 01 01 01 I 01 01 01 01 01 01 03 01 15 15 05 05 05 05 05 04 | 04 03 03 03 04 04 04 04 03 13 13 13 13 13 13 13 
I 05 15 05 01 03 03 03 01 05 14 05 05 05 05 14 11 | 14 14 14 03 05 15 05 05 05 05 05 05 05 05 01 01 I 01 01 01 03 03 03 03 05 15 05 05 05 05 05 05 04 | 03 03 04 04 04 04 04 14 03 13 13 13 13 13 13 13 
I 15 15 05 01 03 03 03 01 05 05 05 05 05 05 14 05 | 11 11 14 05 15 05 05 05 05 15 05 05 05 05 05 01 I 01 01 03 03 03 03 01 15 05 05 05 05 05 05 05 04 | 04 04 04 04 04 04 04 14 03 13 13 13 13 13 03 03 
-------------------------------------------------------------------------------------------------------------------------------------------------------------------------------------------------------
I 15 15 05 01 03 03 03 01 14 14 05 05 05 15 11 14 | 14 11 11 14 05 15 05 05 05 15 05 05 05 05 05 01 I 01 01 01 03 03 03 04 05 15 05 05 05 05 05 05 04 | 04 04 04 04 04 04 14 14 03 13 13 13 13 04 05 15 
I 05 05 05 05 03 03 03 03 14 05 15 05 05 05 14 14 | 14 14 14 14 14 05 05 05 05 15 15 05 05 05 01 01 I 01 01 01 01 01 03 13 13 10 05 15 05 05 05 05 04 | 04 04 04 14 14 14 14 14 03 03 13 13 04 05 05 05 
I 14 14 05 05 01 03 03 01 14 05 15 05 05 14 05 14 | 14 14 11 11 14 14 05 05 05 05 05 05 05 05 01 01 I 01 01 01 01 03 03 03 13 13 13 14 05 05 05 05 04 | 04 04 04 04 14 14 04 14 03 13 13 04 05 05 05 05 
I 14 11 14 05 01 03 03 03 14 15 15 05 05 05 05 05 | 05 05 14 11 14 14 05 05 05 05 05 05 05 05 01 01 I 01 01 01 01 03 03 03 03 03 13 13 14 05 05 05 04 | 04 04 04 04 04 14 04 01 13 13 03 05 05 01 04 05 
I 05 10 14 05 01 03 03 03 14 15 05 05 05 05 15 05 | 05 14 14 11 14 14 14 15 05 15 05 05 01 05 01 01 I 01 01 01 01 03 03 03 03 03 13 13 13 14 15 14 04 | 04 04 04 04 04 14 01 03 13 13 04 05 04 01 01 14 
I 15 11 11 05 01 03 03 03 14 15 05 15 05 05 15 05 | 05 14 14 14 14 05 14 15 05 15 05 05 01 05 01 01 I 01 01 01 01 03 03 03 03 03 13 13 13 13 15 14 03 | 04 04 04 04 04 04 03 03 13 03 01 05 01 01 01 14 
I 15 14 10 05 01 03 03 03 05 15 15 15 14 05 05 15 | 15 05 14 14 11 11 14 05 05 05 15 05 01 05 01 01 I 01 01 01 01 01 03 03 03 03 13 13 13 13 05 04 03 | 04 04 04 04 14 04 13 13 13 03 01 01 01 01 14 14 
I 15 14 10 05 01 03 03 03 14 15 15 05 05 05 05 15 | 05 05 05 11 14 14 05 05 05 05 05 01 01 05 01 01 I 01 01 01 01 01 03 03 03 03 13 13 13 13 14 04 03 | 04 04 04 04 04 03 13 13 03 01 01 01 01 04 14 05 
I 15 14 10 05 01 03 03 03 14 15 05 05 05 05 05 15 | 05 05 14 11 14 14 15 05 05 15 05 01 01 05 01 01 I 01 01 01 01 01 03 03 03 03 03 13 13 13 03 04 04 | 04 04 04 04 04 04 03 13 03 01 01 01 05 14 14 14 
I 15 14 10 05 01 03 03 03 14 15 05 15 05 05 05 15 | 05 05 05 05 05 14 05 15 15 15 01 01 01 05 01 01 I 01 01 01 01 01 01 03 03 03 03 13 13 13 13 04 05 | 04 04 04 04 04 01 03 13 03 01 01 05 14 14 14 05 
I 15 14 10 05 01 03 03 03 14 05 15 05 05 05 05 15 | 15 05 11 05 05 05 15 15 15 05 01 01 05 01 01 01 I 01 01 01 01 01 01 03 03 03 03 13 13 13 13 04 05 | 05 05 05 14 04 04 03 03 01 05 05 14 14 14 14 05 
I 05 14 13 14 01 03 03 03 14 15 15 15 15 05 05 15 | 15 15 14 11 14 15 15 15 05 01 01 05 05 01 01 01 I 01 01 01 01 01 01 01 03 03 03 03 13 13 13 03 05 | 04 05 05 15 04 03 03 03 05 05 05 14 05 14 05 05 
I 14 14 10 14 01 03 03 03 05 15 15 15 15 05 05 05 | 05 05 05 14 05 15 15 15 05 01 05 05 01 01 01 01 I 01 01 01 01 01 01 01 03 03 03 03 13 13 13 13 14 | 04 14 05 05 04 03 04 05 05 05 14 05 05 14 05 05 
I 05 14 10 14 01 03 03 03 05 15 05 05 05 05 05 14 | 05 05 05 14 05 15 15 15 05 05 01 01 01 01 01 01 I 01 01 01 01 01 01 01 01 03 03 03 13 13 13 13 14 | 05 14 14 14 04 04 05 05 05 14 05 05 14 14 05 05 
I 15 05 13 03 01 03 03 04 05 15 05 05 05 05 05 14 | 05 05 05 14 05 15 15 05 01 01 01 01 01 01 01 01 I 01 01 01 01 01 01 01 01 03 03 03 03 13 13 13 04 | 05 14 14 04 01 01 01 05 14 05 05 14 14 05 05 05 
I 15 05 13 03 01 03 03 04 05 15 05 05 05 05 05 14 | 14 05 05 05 14 05 05 01 01 01 01 01 01 01 01 01 I 01 01 01 01 01 01 01 01 03 03 03 03 13 13 13 03 | 05 14 04 01 01 01 01 05 05 05 14 14 14 05 05 05 
