=======================================================================================================================================================================================================
I 06 06 06 06 06 03 03 01 11 11 11 11 11 01 01 01 | 01 01 01 01 14 14 01 01 14 14 01 01 01 01 01 01 I 01 01 01 01 01 01 01 11 01 06 06 06 06 06 06 06 | 06 06 03 07 03 11 01 01 01 01 01 01 01 01 01 09 
I 06 06 06 06 06 03 06 01 08 11 11 11 11 11 01 01 | 01 01 01 01 01 14 01 01 01 01 01 01 01 01 01 01 I 01 01 01 01 01 01 01 11 11 14 06 06 06 06 06 06 | 06 06 06 07 07 09 11 01 01 01 01 01 01 14 11 15 
I 06 06 06 06 06 06 06 01 08 11 11 11 11 11 01 01 | 01 01 01 01 01 01 01 01 01 01 01 01 01 01 14 01 I 01 01 01 01 01 01 01 01 11 01 06 06 06 06 06 06 | 06 06 14 03 07 07 11 01 01 01 01 01 14 08 15 15 
I 06 06 06 06 06 06 06 01 08 11 11 11 11 11 01 01 | 01 01 01 01 01 01 01 01 14 01 01 01 01 01 01 01 I 01 01 01 01 01 01 01 01 11 01 06 06 06 06 06 06 | 06 06 06 14 07 07 12 11 01 01 01 14 08 15 15 15 
I 06 06 06 06 06 06 06 01 08 11 11 11 11 11 01 01 | 01 01 01 01 01 01 01 01 01 01 01 01 01 01 01 01 I 01 01 01 01 01 01 01 01 11 01 14 06 06 06 06 06 | 06 06 06 14 06 07 07 01 11 01 14 08 15 15 15 15 
I 06 06 06 06 06 06 06 01 08 11 11 11 11 11 01 01 | 01 01 01 01 01 01 01 01 01 01 01 14 09 09 01 01 I 01 01 01 01 01 01 01 01 11 01 14 06 06 06 06 06 | 06 06 14 14 14 03 07 03 11 01 08 15 15 02 15 15 
I 06 06 06 14 06 06 06 01 08 11 11 11 11 01 01 01 | 01 01 01 01 01 01 01 01 12 12 12 04 04 04 04 04 I 09 01 01 01 01 01 01 01 11 01 14 14 06 06 06 06 | 06 14 14 14 14 06 07 07 14 08 15 15 15 15 15 15 
I 06 06 01 01 06 06 06 01 08 11 11 11 11 11 01 01 | 01 01 01 01 14 09 09 09 09 12 12 12 04 04 04 04 I 13 04 01 01 01 01 01 01 11 01 14 14 14 06 06 14 | 14 14 14 14 14 14 03 07 03 15 15 15 15 15 15 15 
I 03 06 11 01 06 06 06 01 08 08 11 11 11 11 01 01 | 01 01 01 01 01 01 01 09 09 09 12 12 04 04 04 04 I 04 13 04 09 11 01 01 11 11 01 14 06 14 14 14 14 | 14 14 14 14 14 14 06 07 08 15 15 15 15 15 15 15 
I 06 01 08 01 06 06 06 01 08 11 11 11 11 11 01 01 | 01 01 01 01 11 01 01 01 09 09 09 12 12 04 04 04 I 13 04 13 13 04 11 11 11 11 01 14 06 14 01 01 14 | 14 14 14 14 14 14 06 08 15 15 15 15 15 15 15 08 
I 14 11 08 01 06 06 06 01 08 11 11 11 11 11 01 01 | 01 01 01 11 01 01 01 01 09 09 09 12 12 04 04 04 I 13 13 13 13 13 04 08 11 11 11 14 06 06 01 08 14 | 14 14 14 14 14 06 11 15 15 15 15 15 15 02 10 12 
I 11 08 08 01 06 06 06 01 08 11 11 11 11 11 01 01 | 01 01 11 11 01 01 01 01 14 14 14 12 12 04 04 13 I 13 13 13 13 13 13 09 08 11 11 14 06 06 01 15 11 | 14 14 14 14 06 01 15 15 15 15 15 15 02 10 12 12 
I 08 11 08 01 06 06 06 01 08 11 11 11 11 11 01 01 | 01 01 11 01 01 01 01 09 14 14 14 14 12 04 13 13 I 13 13 13 13 13 13 13 09 08 11 14 06 06 01 15 02 | 14 14 14 14 06 02 15 02 15 15 15 15 02 09 12 12 
I 08 11 08 01 06 06 06 01 08 08 11 11 11 11 01 01 | 14 11 11 11 01 01 14 14 14 14 01 09 04 13 04 04 I 13 13 13 13 13 13 13 13 11 11 14 06 06 01 02 15 | 08 14 14 14 11 15 15 15 15 15 15 15 09 12 12 12 
I 08 08 08 01 06 06 06 01 08 08 11 11 11 11 11 01 | 14 11 11 01 01 01 14 14 01 01 12 04 04 04 04 13 I 13 13 13 13 13 13 13 13 13 08 14 06 06 01 15 15 | 10 13 13 13 15 15 02 15 15 15 15 09 12 12 12 12 
I 08 11 08 01 06 06 06 01 08 08 11 11 11 11 11 06 | 14 11 11 01 01 01 01 01 01 12 04 04 04 04 04 04 I 04 13 13 13 13 13 13 13 13 09 01 06 06 11 15 05 | 13 13 13 13 10 15 15 15 15 15 10 12 12 12 12 12 
-------------------------------------------------------------------------------------------------------------------------------------------------------------------------------------------------------
I 11 11 11 01 06 06 06 01 08 08 11 11 11 11 11 03 | 01 11 11 01 01 01 01 01 12 12 12 04 04 04 04 04 I 04 13 13 13 13 04 13 13 13 13 06 14 14 09 04 13 | 13 13 13 13 10 15 15 15 15 15 09 12 12 12 12 12 
I 11 11 11 01 06 03 03 01 08 11 11 11 11 11 11 03 | 01 11 11 11 01 01 01 12 12 12 12 04 04 04 04 04 I 04 04 04 04 04 04 13 13 13 13 04 06 04 13 13 13 | 13 13 13 13 10 15 15 15 15 11 12 12 12 12 12 12 
I 11 11 11 01 06 03 03 01 08 11 11 11 11 11 11 03 | 14 11 11 01 01 01 14 14 14 12 12 04 04 12 04 04 I 04 04 04 04 04 04 04 04 04 04 04 04 13 13 13 13 | 13 13 13 13 15 15 15 15 10 12 12 12 12 12 12 12 
I 11 11 11 01 06 03 03 01 08 11 11 11 11 11 11 03 | 06 01 11 11 01 14 14 01 12 12 12 12 12 04 04 04 I 12 12 04 04 04 04 04 04 04 04 13 13 13 13 13 13 | 13 12 13 12 15 15 15 15 09 12 12 12 12 12 12 12 
I 11 11 11 01 06 03 03 01 08 11 11 11 11 11 11 03 | 06 14 11 11 14 01 01 14 14 12 12 12 12 12 12 12 I 12 12 04 04 04 12 04 04 04 13 13 13 13 13 13 13 | 04 12 04 10 15 15 15 10 12 12 12 12 12 12 12 12 
I 11 11 11 01 06 03 03 01 08 08 11 11 11 11 11 07 | 06 06 01 01 01 01 14 14 09 14 12 09 09 09 12 09 I 12 12 12 09 12 12 04 04 13 04 13 13 13 13 13 13 | 09 09 04 15 15 15 02 09 12 12 12 12 12 12 12 12 
I 11 11 11 01 06 03 03 01 08 08 11 11 11 11 11 07 | 03 14 01 01 01 14 01 01 14 14 09 09 11 10 09 05 I 10 10 02 15 09 04 13 13 13 13 13 13 13 13 12 11 | 08 04 10 15 15 15 10 12 12 12 12 12 12 12 12 12 
I 11 11 11 01 06 03 03 01 08 08 11 11 11 11 11 03 | 03 01 01 11 14 01 01 01 14 09 09 05 10 02 10 10 I 10 02 15 09 04 04 13 04 04 13 13 13 12 11 08 09 | 04 10 15 15 15 15 09 12 12 12 12 12 12 12 12 12 
I 11 11 11 01 06 03 03 14 08 08 11 11 11 11 08 12 | 07 06 01 01 01 01 01 01 01 11 10 02 15 10 10 10 I 02 10 09 04 04 04 04 04 04 13 12 10 05 12 03 07 | 10 15 02 15 15 02 12 12 12 12 12 12 12 12 12 12 
I 11 11 11 01 06 03 03 14 08 08 11 11 11 11 11 01 | 07 03 01 01 01 09 09 09 10 10 02 02 02 02 02 10 I 10 05 04 13 04 04 04 04 13 04 08 10 05 12 03 08 | 15 15 15 15 15 11 12 12 12 12 12 12 12 12 12 12 
I 11 11 11 01 06 03 03 14 08 08 11 11 11 11 01 11 | 03 03 01 01 01 09 09 10 02 10 15 10 02 15 15 02 I 05 12 04 04 04 04 04 04 13 13 01 02 05 12 08 15 | 15 02 15 15 02 09 12 03 12 12 12 12 12 12 12 12 
I 11 11 11 01 06 03 03 14 08 08 11 11 11 11 01 11 | 03 03 11 01 01 01 08 02 15 02 02 02 10 15 15 09 I 12 04 04 04 04 04 04 13 13 13 06 15 10 12 02 15 | 02 02 15 15 10 09 12 12 12 12 12 12 12 12 12 12 
I 11 11 11 01 06 03 03 14 08 08 11 11 11 11 01 11 | 14 06 11 01 01 02 02 02 15 15 02 10 10 15 09 04 I 12 04 04 12 06 03 13 13 13 13 03 08 15 09 02 15 | 02 02 15 15 09 12 12 12 12 12 12 12 12 12 12 12 
I 11 11 11 11 06 03 03 14 08 11 11 11 11 11 01 01 | 01 14 01 09 08 02 15 02 02 15 02 02 02 09 12 04 I 04 04 04 06 03 04 13 13 13 13 07 11 15 09 08 15 | 02 15 15 02 09 12 12 12 12 12 12 12 12 12 12 12 
I 11 11 11 11 06 03 03 14 08 08 11 11 11 11 01 01 | 11 11 12 11 02 10 15 02 15 02 02 15 08 12 12 04 I 04 09 14 12 04 03 04 04 13 13 07 11 15 09 10 15 | 02 15 15 11 12 12 12 12 12 12 12 12 12 12 12 12 
I 11 11 11 11 06 03 03 14 08 08 11 11 11 11 01 06 | 11 10 11 02 10 10 15 02 15 15 02 02 12 04 04 04 I 01 01 11 08 01 03 03 04 07 12 11 08 15 10 11 15 | 02 15 02 09 12 12 12 12 12 12 12 12 12 12 12 09 
=======================================================================================================================================================================================================
I 11 11 08 11 06 03 03 14 08 08 11 11 11 09 14 06 | 14 02 02 10 10 02 02 15 10 15 15 09 04 13 12 08 I 15 02 08 08 01 14 03 13 09 02 02 02 15 10 09 02 | 15 15 02 09 12 12 12 12 12 12 12 12 12 12 12 09 
I 11 11 08 11 06 03 03 14 08 11 11 11 08 09 03 01 | 02 02 02 10 05 15 02 02 15 15 10 12 13 04 11 02 I 08 10 13 11 01 14 04 04 02 05 09 15 15 10 09 02 | 15 15 10 12 12 12 12 12 12 12 12 12 12 09 09 09 
I 11 11 08 11 06 03 03 14 08 11 01 08 11 12 09 02 | 10 02 02 10 05 02 15 15 15 15 09 04 04 01 14 01 I 01 09 04 06 01 01 13 04 09 09 11 02 15 10 09 02 | 15 15 09 12 12 12 12 12 12 12 12 09 09 12 03 03 
I 11 08 08 11 06 03 03 14 08 11 11 01 09 10 15 02 | 05 02 02 10 05 10 15 15 15 08 04 04 11 14 06 06 I 06 06 12 12 14 01 04 13 06 01 11 08 15 10 09 02 | 15 02 09 12 12 12 12 12 12 12 09 09 12 03 03 03 
I 08 08 02 08 06 03 03 14 08 11 01 09 05 10 02 05 | 10 15 02 10 10 10 15 15 02 12 04 08 11 14 06 03 I 04 04 04 06 14 01 04 13 12 14 14 08 15 02 09 15 | 15 08 12 12 12 12 12 12 12 09 09 12 07 07 03 07 
I 08 08 02 08 06 03 03 14 08 11 01 05 10 10 10 05 | 10 15 15 02 15 09 08 15 11 04 05 15 01 14 14 06 I 03 03 03 06 14 01 03 13 12 14 14 08 15 02 12 02 | 15 11 12 12 12 12 12 12 12 09 12 07 03 03 07 07 
I 08 08 02 08 06 03 03 14 08 11 09 10 05 10 10 05 | 10 15 15 02 08 09 08 15 12 04 15 08 01 14 14 06 I 06 03 06 14 01 01 06 13 12 14 01 02 02 15 09 02 | 15 09 12 12 12 12 12 12 09 09 03 03 03 07 07 07 
I 08 08 15 08 06 03 03 14 08 11 09 10 10 10 10 05 | 10 15 15 08 11 08 15 11 04 02 15 08 11 01 14 06 I 06 06 06 01 01 01 14 13 12 14 11 15 02 15 09 10 | 02 12 12 12 12 12 12 12 09 12 07 03 07 07 07 07 
I 08 08 02 08 06 03 03 14 08 11 11 10 10 10 10 05 | 05 15 02 15 10 15 10 04 09 15 02 08 01 01 14 14 I 06 06 06 14 01 11 01 04 06 14 08 15 02 15 09 10 | 08 06 12 12 12 12 12 12 09 03 07 07 07 07 07 07 
I 08 08 08 01 06 03 03 14 08 11 01 02 10 10 10 05 | 05 10 08 15 10 09 09 09 15 15 02 11 01 01 14 14 I 14 06 06 06 14 14 04 04 06 01 15 15 08 15 10 09 | 01 12 12 12 12 12 12 09 09 03 07 07 07 07 07 13 
I 08 08 02 01 06 03 03 06 08 11 09 10 10 02 02 10 | 05 05 02 02 12 12 11 02 15 02 02 11 01 01 14 14 I 14 06 06 06 06 04 13 04 14 08 15 02 08 15 10 09 | 14 12 12 12 12 12 12 09 12 03 07 07 07 07 13 13 
I 02 02 02 11 06 03 03 14 08 11 11 02 02 02 10 10 | 10 05 10 04 04 11 10 15 15 02 02 08 11 01 14 14 I 14 01 01 01 01 14 14 14 01 15 15 02 08 15 02 09 | 14 12 12 12 12 12 12 09 12 07 07 07 07 07 13 13 
I 02 02 02 01 06 03 03 06 11 11 09 02 02 02 05 10 | 10 10 09 12 12 09 15 15 15 02 02 08 11 01 01 14 I 14 01 01 01 14 06 14 14 08 15 15 02 08 02 02 12 | 06 12 12 12 12 12 12 09 12 07 07 07 07 07 07 07 
I 15 15 02 11 06 03 03 06 08 09 10 10 02 10 05 05 | 10 05 09 12 12 02 15 15 15 02 02 02 08 11 01 01 I 14 14 14 01 14 14 06 01 15 15 15 02 08 02 02 12 | 12 12 12 12 12 12 12 09 12 07 07 07 07 07 07 07 
I 15 15 08 01 06 03 03 14 08 11 10 02 02 02 05 05 | 05 05 05 12 02 15 02 15 15 15 02 02 02 08 11 01 I 14 14 14 06 06 06 06 08 15 02 15 02 08 08 02 12 | 12 12 12 12 12 12 12 09 12 07 07 07 07 07 07 07 
I 15 15 08 01 06 03 03 14 08 08 02 02 02 02 05 10 | 05 05 09 10 15 15 02 15 15 15 15 02 02 02 02 11 I 01 14 06 03 03 03 01 15 15 02 15 02 08 08 02 12 | 12 12 12 12 12 09 09 09 04 07 07 07 07 07 07 12 
-------------------------------------------------------------------------------------------------------------------------------------------------------------------------------------------------------
I 15 15 02 11 06 03 03 14 09 10 02 02 02 15 05 10 | 10 05 05 05 10 15 02 15 15 15 15 02 02 02 08 11 I 01 01 14 06 06 12 12 10 15 15 15 02 08 08 08 12 | 09 09 09 09 12 12 09 09 04 07 07 07 07 12 02 15 
I 08 15 15 08 06 03 03 06 11 10 15 02 02 02 10 05 | 05 05 05 05 05 02 02 02 15 15 15 02 15 02 01 01 I 14 14 14 14 14 03 13 13 12 10 15 02 08 08 08 12 | 09 09 11 11 11 09 09 09 07 07 07 07 12 15 15 08 
I 09 11 02 02 14 03 03 06 09 02 15 10 10 10 02 10 | 05 10 05 05 10 10 02 02 15 15 15 15 02 02 11 01 I 01 14 14 14 06 03 04 07 07 13 05 15 08 02 08 12 | 12 09 09 09 11 08 11 11 03 07 07 12 02 08 08 08 
I 09 12 11 02 14 03 03 03 09 15 15 02 02 02 02 10 | 10 10 05 05 05 05 02 15 02 15 02 02 08 02 11 01 I 14 14 14 14 06 03 03 04 04 07 13 12 15 02 08 12 | 12 12 09 09 09 09 01 01 07 07 03 08 08 11 11 08 
I 02 04 09 02 14 03 03 06 11 15 02 15 15 10 15 02 | 10 10 10 05 05 10 10 15 02 15 02 15 11 08 11 14 I 14 14 14 14 06 06 03 03 04 07 13 13 10 15 08 12 | 12 12 09 09 09 09 01 03 07 07 14 08 11 11 11 11 
I 15 12 12 15 14 03 03 06 11 15 15 15 02 10 15 02 | 02 10 10 05 05 10 05 15 02 15 15 02 11 08 11 14 I 14 14 14 14 06 06 03 03 04 07 13 13 13 15 11 12 | 12 12 09 09 09 09 03 07 07 07 11 08 11 11 11 11 
I 15 09 12 15 14 03 03 06 10 15 15 15 10 02 15 15 | 15 10 10 05 05 05 10 15 02 15 15 08 01 08 11 14 I 14 14 14 14 14 06 06 03 04 07 13 13 13 02 11 12 | 12 09 09 09 09 12 07 07 07 06 11 11 11 08 11 08 
I 15 05 04 02 14 03 03 06 10 15 15 02 02 02 15 15 | 02 02 10 05 05 10 10 10 10 15 15 11 01 08 01 14 I 14 14 14 14 14 06 06 03 04 13 13 13 13 09 11 12 | 09 09 09 09 09 12 07 07 07 01 11 11 11 11 11 08 
I 15 05 04 02 14 03 03 06 10 15 15 02 15 02 15 15 | 02 02 10 05 05 10 15 02 02 15 08 01 01 08 01 14 I 14 14 14 14 14 06 06 03 03 04 13 13 13 04 01 12 | 12 12 09 09 09 14 03 07 03 01 11 11 08 11 08 08 
I 15 10 04 08 01 03 03 06 11 15 15 15 02 02 02 15 | 02 10 10 02 10 05 02 15 15 15 08 01 11 08 14 14 I 14 14 14 14 14 14 06 06 03 04 13 13 13 13 09 08 | 11 09 09 09 12 01 06 07 06 11 11 08 11 08 08 08 
I 15 10 04 08 01 03 03 06 11 15 15 15 02 02 02 15 | 15 10 05 10 10 02 15 15 15 02 01 01 02 01 14 14 I 14 14 14 14 14 14 06 06 03 04 13 13 13 13 09 08 | 08 08 08 08 09 06 03 07 11 08 08 08 08 08 08 02 
I 02 10 04 11 01 03 03 06 10 15 15 15 15 02 02 15 | 15 15 10 05 10 15 15 15 15 11 01 08 08 14 14 14 I 14 14 14 14 14 14 14 06 06 03 04 13 13 13 04 08 | 11 08 02 15 09 03 07 06 02 08 08 11 08 11 08 02 
I 08 09 04 09 01 03 03 06 10 15 15 15 15 02 02 15 | 02 02 02 05 10 15 15 15 08 11 08 08 01 14 14 14 I 14 14 14 14 14 14 14 06 06 03 04 13 13 13 13 11 | 11 11 08 02 09 07 14 02 02 08 11 08 08 11 08 02 
I 02 05 04 09 01 03 03 06 02 15 15 02 15 02 10 10 | 02 02 10 05 10 15 15 15 02 08 11 01 01 01 14 14 I 14 14 14 14 14 14 14 14 06 03 04 04 13 13 13 09 | 08 11 11 11 01 09 08 08 08 11 08 02 09 10 02 02 
I 15 10 04 12 01 03 03 14 15 15 15 02 02 02 02 05 | 10 02 02 10 10 15 15 08 11 01 01 01 01 01 14 14 I 14 14 14 14 14 14 14 14 06 06 03 04 13 13 13 12 | 08 11 09 01 11 11 11 08 08 08 02 11 09 08 15 15 
I 15 02 13 04 01 03 03 09 15 15 02 02 02 10 02 10 | 10 10 02 02 10 02 08 11 01 01 01 01 01 01 14 14 I 14 14 14 14 14 14 14 06 06 06 03 04 04 13 13 04 | 08 11 09 01 01 01 11 08 08 08 08 09 10 15 15 08 
